-7.231084430016788467e+00
-7.205791744229153473e+00
-7.190642562452254083e+00
-7.229243163710528997e+00
-7.190045320023010333e+00
-7.203261048536624855e+00
-7.216878767889805424e+00
-7.230263591214311170e+00
-7.216649971054734714e+00
-7.227905124353987354e+00
-7.227704972276936424e+00
-7.217811085194518306e+00
-7.239641598989019045e+00
-7.218661097119439596e+00
-7.193971848791397505e+00
-7.194396106983552031e+00
-7.204870864687697996e+00
-7.214712500295092923e+00
-7.211108743810710209e+00
-7.219788573986353875e+00
-7.198912935105910904e+00
-7.217727662746287187e+00
-7.234975092331142221e+00
-7.218056273758231889e+00
-7.203369101440076250e+00
-7.274500203809544097e+00
-7.225148227176181770e+00
-7.180898572701198468e+00
-7.194958033853142254e+00
-7.241127845568610333e+00
-7.232485081016299944e+00
-7.239298839369365801e+00
-7.218215819461510030e+00
-7.213648089854527434e+00
-7.214516529100991171e+00
-7.224578570567392610e+00
-7.257586494360021234e+00
-7.220632823798747602e+00
-7.219736306001286685e+00
-7.220607462670940002e+00
-7.219194323559015913e+00
-7.225889410359503273e+00
-7.229133191371589717e+00
-7.185252353823751825e+00
-7.226359188076099116e+00
-7.228035691906083748e+00
-7.201621331586497199e+00
-7.209217713897389856e+00
-7.199327074808486771e+00
-7.201108846167442401e+00
-7.209295932302334897e+00
-7.222737703673637100e+00
-7.253624156312723947e+00
-7.214621839955162486e+00
-7.192325529334125278e+00
-7.201421518319797599e+00
-7.198765966835459551e+00
-7.195902222300002649e+00
-7.253776671594564185e+00
-7.202582305736067170e+00
-7.200401231374489619e+00
-7.212870784460803542e+00
-7.187917878624539014e+00
-7.225124017872198046e+00
-7.224695879886832373e+00
-7.195549055166091001e+00
-7.189250329732591815e+00
-7.213681821473213240e+00
-7.222113792523995990e+00
-7.220396949124945785e+00
-7.211796120026759738e+00
-7.197320140198815608e+00
-7.217912739712587289e+00
-7.186533146524917370e+00
-7.187755043076061057e+00
-7.221564196312996842e+00
-7.223283014280338143e+00
-7.218282365731041317e+00
-7.194135697801068652e+00
-7.240043878192388149e+00
-7.221081502895709825e+00
-7.205391629329220393e+00
-7.197025605776473434e+00
-7.196250267781726606e+00
-7.242206631839553488e+00
-7.222409722242172592e+00
-7.196661691779911330e+00
-7.220639431755606630e+00
-7.237742363355745390e+00
-7.226761031295212412e+00
-7.206424532836662955e+00
-7.191210922964945240e+00
-7.213549399775209814e+00
-7.250645562433365221e+00
-7.203575960389362542e+00
-7.228538874282425475e+00
-7.199068130068789095e+00
-7.197401398043565379e+00
-7.205058580447990302e+00
-7.183602848425650222e+00
-7.203926878476032414e+00
-7.221894520771400039e+00
-7.214312931692839825e+00
-7.204611087877006881e+00
-7.202008889398594071e+00
-7.232021429592340844e+00
-7.206428454992601651e+00
-7.196878198760829903e+00
-7.203877638923176896e+00
-7.197116419495907635e+00
-7.224021503795511556e+00
-7.221466883671986636e+00
-7.198584513326165002e+00
-7.224497331938724010e+00
-7.211059458904166775e+00
-7.208080529824057336e+00
-7.203695317713080470e+00
-7.219071528541694427e+00
-7.194693212160264473e+00
-7.206983404622048894e+00
-7.190094328419599279e+00
-7.181110475884847411e+00
-7.243224436046173054e+00
-7.220572582629332992e+00
-7.204577789933126475e+00
-7.207787450506145888e+00
-7.223431307933129375e+00
-7.217322241440882635e+00
-7.204015428973804980e+00
-7.224774021429353432e+00
-7.208894383657491467e+00
-7.251211005026164891e+00
-7.205577392543334625e+00
-7.234768389595247484e+00
-7.228059789799969437e+00
-7.199222361827798622e+00
-7.191523921532000152e+00
-7.187861663197744555e+00
-7.198048153488268319e+00
-7.186576853419317068e+00
-7.205363306824326131e+00
-7.185843559929481650e+00
-7.219843703644186483e+00
-7.197132696212117153e+00
-7.230606754439914852e+00
-7.215362289137811302e+00
-7.203732055012846303e+00
-7.177279420477243654e+00
-7.225393135512098830e+00
-7.238646095523499469e+00
-7.205984036290415951e+00
-7.218052099091371687e+00
-7.207519097915538353e+00
-7.205135034125834892e+00
-7.256206484869997198e+00
-7.216449393187257755e+00
-7.201807522859774657e+00
-7.220866669423072537e+00
-7.209877978137066101e+00
-7.208510309554975848e+00
-7.192055775260777217e+00
-7.192306888086646310e+00
-7.201023288254970289e+00
-7.189967074155949156e+00
-7.214656137542192482e+00
-7.207773463970736927e+00
-7.202573199580846186e+00
-7.215677455388948225e+00
-7.211175335438388068e+00
-7.198509603420482961e+00
-7.232512528731220414e+00
-7.209559731296202756e+00
-7.246653047923076407e+00
-7.234057719980595991e+00
-7.195682768740730317e+00
-7.238100761441750741e+00
-7.204637388353794414e+00
-7.217281138003038166e+00
-7.214796130070055824e+00
-7.186939750576338604e+00
-7.220972996962927049e+00
-7.210449493592794745e+00
-7.216333608989989656e+00
-7.194254089849036582e+00
-7.236666215206041031e+00
-7.213373296616672370e+00
-7.202321712128731512e+00
-7.191345768509734171e+00
-7.222326654562968962e+00
-7.192190705719896826e+00
-7.191582189800796776e+00
-7.214471117116410426e+00
-7.213723779949632764e+00
-7.210643640605097993e+00
-7.221607697831629480e+00
-7.198541590206832375e+00
-7.199167940844025892e+00
-7.210588618993480026e+00
-7.213403474844612084e+00
-7.205128436248799950e+00
-7.205681461989577485e+00
-7.226184396478373628e+00
-7.270425577441207210e+00
-7.221602447713098449e+00
-7.269831343964343162e+00
-7.212621300522987333e+00
-7.216806555854468286e+00
-7.201992970999976151e+00
-7.250864730858443075e+00
-7.196253023513906832e+00
-7.192418530751347738e+00
-7.249979328505266274e+00
-7.199233515158375951e+00
-7.227785436034988464e+00
-7.224303577170416268e+00
-7.204426333205637967e+00
-7.194043412531688553e+00
-7.217302882039592582e+00
-7.211143871584778431e+00
-7.195162630542410120e+00
-7.200672597625110249e+00
-7.229569484508520993e+00
-7.190049622115628480e+00
-7.214019476462771863e+00
-7.197804577846743435e+00
-7.213128122633567507e+00
-7.207035634922524636e+00
-7.220528882977336416e+00
-7.199244609404369832e+00
-7.198085910642726404e+00
-7.233386504225678415e+00
-7.213011902501887285e+00
-7.247020932387341574e+00
-7.220196014742801260e+00
-7.220493973937324839e+00
-7.187709888266071268e+00
-7.226115421462194988e+00
-7.203772324316535247e+00
-7.210785204296848327e+00
-7.189469558321789577e+00
-7.216028809597858640e+00
-7.196630447830051125e+00
-7.196059297101474961e+00
-7.208868278977132782e+00
-7.197955251111883612e+00
-7.217169168246975630e+00
-7.222543736178476337e+00
-7.210026871870343967e+00
-7.235670549200555079e+00
-7.195093640451435846e+00
-7.218547050067366300e+00
-7.217939643637631519e+00
-7.198723053450234666e+00
-7.234441191216205880e+00
-7.222937297309687033e+00
-7.220906989063442971e+00
-7.217911361941696136e+00
-7.218071328828586708e+00
-7.203302179318940901e+00
-7.204635517909777853e+00
-7.188135735038610363e+00
-7.220607982063035557e+00
-7.200491603349275849e+00
-7.195780406829329401e+00
-7.206561037326493668e+00
-7.239879843935112191e+00
-7.204113042524239674e+00
-7.236016119686339287e+00
-7.222696339163150903e+00
-7.206472619078494013e+00
-7.213342232881974070e+00
-7.197024505508970549e+00
-7.243124363775893748e+00
-7.213692950975751472e+00
-7.192530930136631362e+00
-7.191833321266644319e+00
-7.215759661621008902e+00
-7.202926539108178261e+00
-7.234213051853735976e+00
-7.191480496028484382e+00
-7.190700016261911465e+00
-7.239289019070296760e+00
-7.195795304198854936e+00
-7.225235560543801228e+00
-7.213270224235781569e+00
-7.205168136307200655e+00
-7.239628303369839202e+00
-7.211869653135596359e+00
-7.197353627267394138e+00
-7.250855070395359370e+00
-7.215308707574115132e+00
-7.232580689216626446e+00
-7.192461817154787163e+00
-7.206935755179515901e+00
-7.204387616563835195e+00
-7.224476598463212440e+00
-7.212360419603315975e+00
-7.212561418727585050e+00
-7.205053867682043034e+00
-7.191068250219557534e+00
-7.191250767461513149e+00
-7.200538786603415176e+00
-7.200741018994226472e+00
-7.227778224787603456e+00
-7.196602119410956178e+00
-7.209214547512992510e+00
-7.216828312434854453e+00
-7.198089040566707730e+00
-7.222246631644818393e+00
-7.191567784835196875e+00
-7.194850743687577932e+00
-7.201514215976398070e+00
-7.206190369080060165e+00
-7.199607103925433016e+00
-7.200450942878310556e+00
-7.215223883725648157e+00
-7.211907564250214620e+00
-7.210563212107518716e+00
-7.213725354168214920e+00
-7.228548664996606199e+00
-7.221369191709269053e+00
-7.249844511695747507e+00
-7.230922834476292138e+00
-7.253629423321457992e+00
-7.194685961176973343e+00
-7.193020873624374367e+00
-7.211145835699915629e+00
-7.213203726995254250e+00
-7.215011673118829627e+00
-7.189672112803235926e+00
-7.189934620514510044e+00
-7.215545704125451820e+00
-7.224612930005874567e+00
-7.222763698008727751e+00
-7.219985011200019898e+00
-7.218218468722749748e+00
-7.198939969631354074e+00
-7.201357036757897845e+00
-7.229255450200312794e+00
-7.197452648139551101e+00
-7.220452941599826424e+00
-7.209470086072121475e+00
-7.221494255833305509e+00
-7.188382093913630477e+00
-7.235089421657466602e+00
-7.234555479310912141e+00
-7.200427246358090727e+00
-7.203214935291873289e+00
-7.207871346528547107e+00
-7.234726386739601445e+00
-7.227544070162346124e+00
-7.207444654668154094e+00
-7.220317518709985727e+00
-7.202290417415999180e+00
-7.226696154805607897e+00
-7.210159429251069341e+00
-7.193757956354149385e+00
-7.202410740723670379e+00
-7.224553639318388676e+00
-7.217857131171782292e+00
-7.213307458695460639e+00
-7.234354065159833702e+00
-7.195860504963838444e+00
-7.207078440341326164e+00
-7.200858819151034318e+00
-7.200518445685260893e+00
-7.225272778391989448e+00
-7.199304023443548139e+00
-7.208838627278105982e+00
-7.199571759933538040e+00
-7.193974602831625376e+00
-7.231200788661785950e+00
-7.212567219294172993e+00
-7.209959408789757163e+00
-7.208069485264554821e+00
-7.248098715354023724e+00
-7.249491168286540166e+00
-7.231953593678974279e+00
-7.204702100487852867e+00
-7.194194656864093318e+00
-7.230302816173192149e+00
-7.233766060452969882e+00
-7.215292052562925385e+00
-7.191171926328230768e+00
-7.223017467763681587e+00
-7.209734688062067853e+00
-7.237674342790545445e+00
-7.207004378143181178e+00
-7.214516856366392616e+00
-7.204216447368885667e+00
-7.182538928791165844e+00
-7.202353861268374402e+00
-7.224610568395790189e+00
-7.195475302210793345e+00
-7.258729901416232977e+00
-7.198648705564577810e+00
-7.194193878639715933e+00
-7.209535747127051586e+00
-7.232293570214654466e+00
-7.226528645610105883e+00
-7.213558490672059342e+00
-7.209149599618992710e+00
-7.198788209421763895e+00
-7.214991542992534868e+00
-7.229301951589000907e+00
-7.209537024182012921e+00
-7.200214014901255233e+00
-7.221708650820866993e+00
-7.218544229866993511e+00
-7.208556211506163436e+00
-7.204568723314636713e+00
-7.230052378563602389e+00
-7.205401560928086369e+00
-7.244840679382984483e+00
-7.182328696678164981e+00
-7.213698438538016511e+00
-7.225736441727174331e+00
-7.198520622592668339e+00
-7.192321723757096663e+00
-7.210527594585267153e+00
-7.184579974441009043e+00
-7.192840330525696935e+00
-7.201761629642621010e+00
-7.233365935611151265e+00
-7.190472470584682974e+00
-7.216531763870471572e+00
-7.223004499016418833e+00
-7.203413862666069534e+00
-7.197588188138343668e+00
-7.194535040021329486e+00
-7.207737944769855076e+00
-7.227681221402192158e+00
-7.224486979032283429e+00
-7.242076824649385181e+00
-7.193721286815894622e+00
-7.225707449251371983e+00
-7.191576476086875225e+00
-7.233168612717434165e+00
-7.213883530897785334e+00
-7.225967229385088508e+00
-7.217056391468009480e+00
-7.193998316289521355e+00
-7.206123815783917586e+00
-7.213587502487640357e+00
-7.190934125521523335e+00
-7.210830437078961985e+00
-7.252553136535083489e+00
-7.223154294447859947e+00
-7.208193550137433903e+00
-7.193216591895925660e+00
-7.202780111532242735e+00
-7.203517577815575557e+00
-7.203489712314093296e+00
-7.190345712727162386e+00
-7.217535612391816180e+00
-7.214631896402105227e+00
-7.188478732201804000e+00
-7.235931881495489826e+00
-7.205615863912037788e+00
-7.227545458973760439e+00
-7.214249048948358833e+00
-7.217959784805433543e+00
-7.217982465712426965e+00
-7.220447343355143488e+00
-7.206093021159180267e+00
-7.218301758862474493e+00
-7.190403015636829487e+00
-7.240083186338117649e+00
-7.206522765157997945e+00
-7.231767881053146496e+00
-7.179625592284740954e+00
-7.230241990347435532e+00
-7.234196253947302147e+00
-7.211152240692732640e+00
-7.204585006819176130e+00
-7.222759360397652983e+00
-7.241150104103072138e+00
-7.241710974871264916e+00
-7.208340820748311728e+00
-7.234689185622729113e+00
-7.193602739817166913e+00
-7.231277570633436902e+00
-7.221145045866967038e+00
-7.178686051061109019e+00
-7.199751208256097712e+00
-7.203373826359984022e+00
-7.209635003253463736e+00
-7.234014832437231313e+00
-7.192114696579547051e+00
-7.184857582473696880e+00
-7.221819576079039571e+00
-7.256034179310018928e+00
-7.241606187563548680e+00
-7.199359452921429536e+00
-7.208740137601425957e+00
-7.232585454900199551e+00
-7.196454045019922141e+00
-7.220711689541428946e+00
-7.204784851196991191e+00
-7.189639938187755597e+00
-7.216497088155457540e+00
-7.222105858001769185e+00
-7.280496932285650757e+00
-7.207986377936642874e+00
-7.197826591853936584e+00
-7.245993945422443794e+00
-7.200086148107364359e+00
-7.200252972131552021e+00
-7.228654253650952377e+00
-7.182927154704725758e+00
-7.212439131703728634e+00
-7.206816729509718300e+00
-7.203353249691510918e+00
-7.210512507332683896e+00
-7.201778514708464307e+00
-7.242498173765024916e+00
-7.211377701385886851e+00
-7.211713383099736419e+00
-7.206392507626440569e+00
-7.222450314928049231e+00
-7.239226178603137107e+00
-7.221747251348905827e+00
-7.177489598882624833e+00
-7.203832842466712627e+00
-7.195895961919982042e+00
-7.216034558668710908e+00
-7.184648406033992352e+00
-7.242929965565465977e+00
-7.213473314691865035e+00
-7.206757647088255503e+00
-7.251340629619762446e+00
-7.233729703381588827e+00
-7.219440125271201936e+00
-7.214913474432946394e+00
-7.220494626555365336e+00
-7.207049977787510997e+00
-7.227759611535767625e+00
-7.210532529887312414e+00
-7.243319860584360725e+00
-7.240891237424390781e+00
-7.194933096644187565e+00
-7.226379693242998670e+00
-7.221644748598193608e+00
-7.214495998604604665e+00
-7.199371955807510659e+00
-7.205103606890661538e+00
-7.207957239465955901e+00
-7.227488796219797784e+00
-7.223666470862653455e+00
-7.225848037156787917e+00
-7.196285653628883949e+00
-7.203515311258255949e+00
-7.215208156612063384e+00
-7.189586511893669041e+00
-7.208743037943631471e+00
-7.244344809288667975e+00
-7.217075063153105319e+00
-7.190991908720190118e+00
-7.232022550919478654e+00
-7.183279554860117599e+00
-7.219378950074558432e+00
-7.221825060984873978e+00
-7.198955303823360907e+00
-7.219677252035259230e+00
-7.223147898783984111e+00
-7.232514785146882730e+00
-7.196262103900585849e+00
-7.275257715633347999e+00
-7.208407644060645048e+00
-7.230444257976704314e+00
-7.224630256925836491e+00
-7.208432539337107592e+00
-7.229585779044413130e+00
-7.193397664554106008e+00
-7.203411666677909331e+00
-7.224941623365340071e+00
-7.205343811637043849e+00
-7.200422843068288614e+00
-7.201488914587466539e+00
-7.234594285141638714e+00
-7.225338108043713348e+00
-7.211948101883270290e+00
-7.196910681764133066e+00
-7.206367875282016833e+00
-7.205049293726643711e+00
-7.209390699907678446e+00
-7.205426892932607075e+00
-7.218449898134312370e+00
-7.197795423447409746e+00
-7.213232395188040158e+00
-7.201966837066903437e+00
-7.183013292471896349e+00
-7.235159272105404327e+00
-7.202462028129948735e+00
-7.173878694275693135e+00
-7.227667631926715686e+00
-7.186303047147843515e+00
-7.187903341579662708e+00
-7.300066280235022020e+00
-7.200806324148874005e+00
-7.245058607466574152e+00
-7.226007165341240324e+00
-7.213975188818433359e+00
-7.244442072687403034e+00
-7.197362589281680378e+00
-7.213244819166310329e+00
-7.201812281444066599e+00
-7.188508580927924108e+00
-7.211993240597873722e+00
-7.200418506400132479e+00
-7.201101551937020062e+00
-7.206043717458654463e+00
-7.227771565430993306e+00
-7.226695790182545487e+00
-7.201584778003841336e+00
-7.202368395072069163e+00
-7.202534552387894529e+00
-7.194361499873786592e+00
-7.207932148176616316e+00
-7.237797221234830936e+00
-7.235498582857774252e+00
-7.197088088252261429e+00
-7.254221467108651566e+00
-7.227078755695137247e+00
-7.206498585826317083e+00
-7.207384911798935256e+00
-7.191178085716546597e+00
-7.243058393580711574e+00
-7.237503834820322446e+00
-7.234542157100648296e+00
-7.204649049994465315e+00
-7.200638377039666693e+00
-7.213885908632881261e+00
-7.185566234487118287e+00
-7.197396238197629970e+00
-7.206853361455207718e+00
-7.207004916622718582e+00
-7.247457850635776744e+00
-7.194379763051157006e+00
-7.214432779770193704e+00
-7.232952715450272407e+00
-7.239588805917673398e+00
-7.227450194151264107e+00
-7.207427829819840426e+00
-7.197595618740729506e+00
-7.219347192889591369e+00
-7.200262030925789425e+00
-7.210196659048440537e+00
-7.232096840054382803e+00
-7.176143488715485574e+00
-7.200878972076562690e+00
-7.197182145278705256e+00
-7.186035526426519660e+00
-7.203928839516723137e+00
-7.207499235298394424e+00
-7.206939625688514539e+00
-7.198566795455561440e+00
-7.220881109861315927e+00
-7.199779357333317087e+00
-7.203981693298040057e+00
-7.211160690426173581e+00
-7.197040232276758154e+00
-7.201500840076843879e+00
-7.237810326750223844e+00
-7.255433400827997481e+00
-7.254045599033155156e+00
-7.191511334531695887e+00
-7.226292111093390425e+00
-7.204749426416226399e+00
-7.227481751377984764e+00
-7.190811872030678842e+00
-7.216958761052040927e+00
-7.246951176773861469e+00
-7.235214250894109078e+00
-7.204123602085083178e+00
-7.229656477447456098e+00
-7.213064856859183749e+00
-7.191672720245080974e+00
-7.241797214159269025e+00
-7.208208308374151940e+00
-7.243192497329395962e+00
-7.219523096234937931e+00
-7.200100874003865670e+00
-7.213898747987396831e+00
-7.202278997102251168e+00
-7.220885712638701825e+00
-7.206536085308139050e+00
-7.202208610436814595e+00
-7.207460090497371574e+00
-7.206682936658529215e+00
-7.214581256218435712e+00
-7.201447372529943713e+00
-7.224699544122479722e+00
-7.220864084758341406e+00
-7.217256801346053408e+00
-7.195025387130526084e+00
-7.215094110122323379e+00
-7.205024209980410710e+00
-7.227015325665429479e+00
-7.203909793109984250e+00
-7.192853599864188929e+00
-7.195887194076656890e+00
-7.204809833525264828e+00
-7.203261865348006943e+00
-7.180915135921213555e+00
-7.205692840543112432e+00
-7.228275228775609129e+00
-7.270393935785111061e+00
-7.200355563054536390e+00
-7.183384242197179859e+00
-7.183446985947539609e+00
-7.225160084942014116e+00
-7.226286219508368802e+00
-7.208537980556736890e+00
-7.267284163047067480e+00
-7.264282034126852139e+00
-7.212449068376804995e+00
-7.213063910248349586e+00
-7.215343445934205846e+00
-7.191015250184717544e+00
-7.203461894042607838e+00
