-7.231607755052203323e+00
-7.187657538591322393e+00
-7.175987328457408054e+00
-7.238314145411937517e+00
-7.223181362471745359e+00
-7.218824743346789141e+00
-7.249108195086836126e+00
-7.195434462621260963e+00
-7.200098017729026800e+00
-7.183678219835339718e+00
-7.191788990872545639e+00
-7.177326237384011876e+00
-7.224007366890707438e+00
-7.187248018564576846e+00
-7.200487975970452759e+00
-7.198499457346387409e+00
-7.220107221131175201e+00
-7.192730147646023475e+00
-7.195159082737442979e+00
-7.220465873206994623e+00
-7.210007929010984640e+00
-7.196458114227259451e+00
-7.227011318403389062e+00
-7.254183374265950057e+00
-7.257760713664344721e+00
-7.211405152293937526e+00
-7.198762616685911553e+00
-7.214235558777964741e+00
-7.212239549964625240e+00
-7.178446966186717404e+00
-7.198899874596830450e+00
-7.198537258953492390e+00
-7.207247298694841930e+00
-7.205765501638502712e+00
-7.229473991959586066e+00
-7.307173642486098686e+00
-7.208093708048165738e+00
-7.201177982751367779e+00
-7.210610184996697036e+00
-7.212031756643632718e+00
-7.194564237068851398e+00
-7.214589806125354166e+00
-7.209375626958603789e+00
-7.190701869509124045e+00
-7.192073960186224468e+00
-7.189324819101632791e+00
-7.184653777288801280e+00
-7.207164675410999699e+00
-7.172265908932351941e+00
-7.204382212462110857e+00
-7.239925560312384434e+00
-7.211700428136526675e+00
-7.214451440886382905e+00
-7.279248699328345396e+00
-7.210863692302587502e+00
-7.183428746213895266e+00
-7.237924935791892445e+00
-7.213877846374361802e+00
-7.200102262534213260e+00
-7.220092596951769082e+00
-7.232378525184206097e+00
-7.215607110795570378e+00
-7.224918137550226938e+00
-7.238643019720824690e+00
-7.205187976708970155e+00
-7.220285147801171810e+00
-7.218022170495310696e+00
-7.191334382116968627e+00
-7.216400717086519201e+00
-7.209082155344578524e+00
-7.201425527578248165e+00
-7.189849709975141501e+00
-7.232541138352845067e+00
-7.204174318605788052e+00
-7.252565159307232001e+00
-7.201561997834938111e+00
-7.175612148983882221e+00
-7.231678962227826801e+00
-7.187824497406541724e+00
-7.247664556836884486e+00
-7.190101781245056500e+00
-7.233559279860537039e+00
-7.196744309222809832e+00
-7.219756255045419735e+00
-7.226159148717449909e+00
-7.252888443183675093e+00
-7.186641971774230697e+00
-7.195133566345855769e+00
-7.219348379825953899e+00
-7.223986823958186143e+00
-7.235921008118975983e+00
-7.245015880322701385e+00
-7.214882649851089624e+00
-7.207359087518618423e+00
-7.225934492437329659e+00
-7.204801142962900862e+00
-7.214279359742228337e+00
-7.191571833047381013e+00
-7.230263229698597804e+00
-7.199044354765963050e+00
-7.185809681321702058e+00
-7.184022496958508697e+00
-7.222501527978269387e+00
-7.206509394672955260e+00
-7.199987612305689844e+00
-7.180384750445068853e+00
-7.208972207593904002e+00
-7.198372154926437005e+00
-7.259938114631526496e+00
-7.219758372212083941e+00
-7.257209376170201232e+00
-7.198220867391198929e+00
-7.205417754467179137e+00
-7.197190112258294192e+00
-7.182100344981260598e+00
-7.181360434496624201e+00
-7.213179221493636106e+00
-7.201139091821473492e+00
-7.273647973746973250e+00
-7.201311390472300289e+00
-7.222327695869537045e+00
-7.218354559854704533e+00
-7.182306601297102411e+00
-7.193291864023767523e+00
-7.226970919615206768e+00
-7.231785604443279780e+00
-7.201331398562072827e+00
-7.184025660993347273e+00
-7.194765679025331373e+00
-7.187230552582141385e+00
-7.223679431447719956e+00
-7.218108622589673118e+00
-7.235941777532390873e+00
-7.229317280713228655e+00
-7.224553445473016033e+00
-7.176004746546882807e+00
-7.194461958537083923e+00
-7.197099714470792442e+00
-7.224725024826075703e+00
-7.237895390036033660e+00
-7.248809265580496763e+00
-7.224106580766872732e+00
-7.243288745413680729e+00
-7.216588796447214627e+00
-7.212594229942824064e+00
-7.222351410405944527e+00
-7.240665513180070789e+00
-7.246257994957455928e+00
-7.222747529663835486e+00
-7.216943032685442461e+00
-7.195424518176206874e+00
-7.215849233719944245e+00
-7.203310728684169106e+00
-7.212541273628516159e+00
-7.179916165065561628e+00
-7.220075103160451313e+00
-7.193856499785223235e+00
-7.180615738622404542e+00
-7.205857957888096799e+00
-7.212006152601384557e+00
-7.248734822341574180e+00
-7.211135078531980547e+00
-7.217670163226741487e+00
-7.186722853188380000e+00
-7.255578273554354141e+00
-7.198135047843766010e+00
-7.186249036459403605e+00
-7.186469429845816492e+00
-7.214491573671282687e+00
-7.237625135909392604e+00
-7.191581237143971350e+00
-7.200347508707179323e+00
-7.204245361864693997e+00
-7.204955460127315803e+00
-7.201538245067692579e+00
-7.198661075670603537e+00
-7.217426223909680694e+00
-7.175658824901039345e+00
-7.187597966279665407e+00
-7.212645117785796423e+00
-7.178606588550203504e+00
-7.201863640282983425e+00
-7.246965885709718336e+00
-7.194517921638475144e+00
-7.208612487545973835e+00
-7.199576088408098151e+00
-7.225909548260336379e+00
-7.225514870230306919e+00
-7.199585926974461536e+00
-7.205940720298437796e+00
-7.208352624928521912e+00
-7.226155145671791402e+00
-7.221954629318436680e+00
-7.177946495738619426e+00
-7.203970631656762436e+00
-7.218551339335814276e+00
-7.183609672602720764e+00
-7.196216232002772273e+00
-7.232795335091354971e+00
-7.187914295827964928e+00
-7.165511521399859696e+00
-7.199531263409888915e+00
-7.217253391603131618e+00
-7.219469824421491211e+00
-7.167042159248651068e+00
-7.224167374662782137e+00
-7.197121980384826756e+00
-7.217748101597815769e+00
-7.202031408565481740e+00
-7.256006549609814726e+00
-7.208096048953301249e+00
-7.219785542450430249e+00
-7.182741354202653028e+00
-7.214151897074633446e+00
-7.224672532568365391e+00
-7.255472901887929815e+00
-7.183113456259997420e+00
-7.204295687449422836e+00
-7.212618441774850453e+00
-7.226012558472220348e+00
-7.192555900596032892e+00
-7.198688574630415893e+00
-7.185580500923945735e+00
-7.198825694419773491e+00
-7.243861725843190769e+00
-7.234561300289022334e+00
-7.204519411382795724e+00
-7.256786557238743107e+00
-7.172134488704680066e+00
-7.231745285323283312e+00
-7.237820846768213023e+00
-7.244612967387702440e+00
-7.201672006381039104e+00
-7.225965708391711040e+00
-7.196969954223112254e+00
-7.225614838683131147e+00
-7.190955561847351518e+00
-7.237800961061622296e+00
-7.219160918591487786e+00
-7.223648191344053338e+00
-7.213870564153252118e+00
-7.202275534898944009e+00
-7.229210089809547490e+00
-7.263119815331161355e+00
-7.204665412725550055e+00
-7.181044770565510049e+00
-7.240867661280261380e+00
-7.250700760033586434e+00
-7.215456683738350030e+00
-7.196914492236100358e+00
-7.197493678725922273e+00
-7.223731036774561076e+00
-7.213355192475245481e+00
-7.216251277471262604e+00
-7.231347122513451353e+00
-7.198808353571696905e+00
-7.201722570864894202e+00
-7.202603651966612119e+00
-7.224008573748391449e+00
-7.192499624237219891e+00
-7.209732358082180603e+00
-7.216635517161721580e+00
-7.216363020095605485e+00
-7.195047030775512553e+00
-7.216405410396777853e+00
-7.223661074705971963e+00
-7.189966256840108372e+00
-7.223641708137185091e+00
-7.206139858205962589e+00
-7.215072723868850346e+00
-7.182925204031590738e+00
-7.230744890086718613e+00
-7.215168430556867740e+00
-7.195719804535468889e+00
-7.213549843207503365e+00
-7.208083718176765409e+00
-7.224437951314169659e+00
-7.203330527915179360e+00
-7.184248954811826238e+00
-7.183123885143799292e+00
-7.212821215980534717e+00
-7.187070283098470291e+00
-7.218381936610851035e+00
-7.213409578332119487e+00
-7.207314146687932244e+00
-7.197667851935313443e+00
-7.183900082970652079e+00
-7.201243367069737111e+00
-7.204102351584564801e+00
-7.183775464086965101e+00
-7.180448315857772101e+00
-7.179147425649684777e+00
-7.189184848404113204e+00
-7.235349159565140909e+00
-7.212607027713888286e+00
-7.198508202926199750e+00
-7.215625614153726275e+00
-7.207362627225353258e+00
-7.216113610393256828e+00
-7.200170715169069702e+00
-7.248181557535190223e+00
-7.206979434252047234e+00
-7.183686095351765388e+00
-7.217579314894024378e+00
-7.238258397212725903e+00
-7.206935951501156623e+00
-7.207768584429669723e+00
-7.178111945092667590e+00
-7.229240331669033459e+00
-7.223985922000091264e+00
-7.171440404352959597e+00
-7.175364186055723792e+00
-7.179414743872782445e+00
-7.179836894690834193e+00
-7.255893265331355479e+00
-7.208662992228738631e+00
-7.226704571383531395e+00
-7.182978900949035683e+00
-7.193527409003357853e+00
-7.240333688063188333e+00
-7.195876569590568650e+00
-7.243120149538158969e+00
-7.169884662164364819e+00
-7.191623723584825711e+00
-7.206999597419059711e+00
-7.220869827758329862e+00
-7.194130791933979197e+00
-7.203306728226867683e+00
-7.167071332257756389e+00
-7.182297652240019481e+00
-7.190137510923150899e+00
-7.203687607128602011e+00
-7.206762671411326870e+00
-7.219756441008565950e+00
-7.195730813155565286e+00
-7.201188624992872711e+00
-7.220119795686000153e+00
-7.200319879894941266e+00
-7.187415482415730139e+00
-7.222173249419064689e+00
-7.203547958015383834e+00
-7.220781363058809355e+00
-7.246353105881215839e+00
-7.192639307722543229e+00
-7.195478817058143406e+00
-7.202401207472822087e+00
-7.224302839709543456e+00
-7.210997037715224600e+00
-7.209662567182776094e+00
-7.212934207306953560e+00
-7.212710330968660877e+00
-7.226745705568854206e+00
-7.217807661218476056e+00
-7.234940032596030690e+00
-7.195045563263258614e+00
-7.195727443793647815e+00
-7.200901305872503322e+00
-7.208240728171491085e+00
-7.217795013137817683e+00
-7.199694467294009748e+00
-7.214907043314666701e+00
-7.231055190882165640e+00
-7.215982714451247837e+00
-7.244177753453822532e+00
-7.169827193855347502e+00
-7.224444340868384273e+00
-7.202453547421892033e+00
-7.234630556516094657e+00
-7.180629942060613224e+00
-7.203337645935307343e+00
-7.209365894767985949e+00
-7.217937088315667715e+00
-7.230149216747159713e+00
-7.213015110051602896e+00
-7.211865655752619730e+00
-7.198258072895423076e+00
-7.209139717677037318e+00
-7.190147198813582996e+00
-7.190179656068414360e+00
-7.211615420283322919e+00
-7.201521405706806433e+00
-7.200128090835669070e+00
-7.223063495853327076e+00
-7.203559048981722945e+00
-7.215709568500895621e+00
-7.181183991175635661e+00
-7.209168190682475164e+00
-7.200881276419222488e+00
-7.224120476334967123e+00
-7.199511100921586859e+00
-7.205950618766141957e+00
-7.231362403693570862e+00
-7.241599354949824985e+00
-7.191820667308063797e+00
-7.201289580921723221e+00
-7.212265153310955412e+00
-7.240796257873498121e+00
-7.209482491338201626e+00
-7.275540313259781122e+00
-7.243625292333264909e+00
-7.199208250579114399e+00
-7.190380060107172788e+00
-7.198904370708397948e+00
-7.190720957634311183e+00
-7.218287875123455599e+00
-7.189126831778538396e+00
-7.208646384993595113e+00
-7.243119880330512572e+00
-7.198020501499282631e+00
-7.184947450181340400e+00
-7.208851231720479369e+00
-7.177624754942615759e+00
-7.209517574771599158e+00
-7.245459486515705372e+00
-7.232652502315231935e+00
-7.257708412952855070e+00
-7.203060400378382688e+00
-7.205368101290800631e+00
-7.233554197814052955e+00
-7.217428871166780446e+00
-7.241188963858736116e+00
-7.196389088037395965e+00
-7.203376061580326173e+00
-7.178493347986497852e+00
-7.181809364199414070e+00
-7.220286209615157880e+00
-7.223732600605070608e+00
-7.206492465265307956e+00
-7.204312697095343054e+00
-7.195236691160375564e+00
-7.209987699458982213e+00
-7.215098697378996562e+00
-7.219036453712910806e+00
-7.210071159399049634e+00
-7.183839035485187985e+00
-7.270537743967180333e+00
-7.228203267993461800e+00
-7.203997891879327931e+00
-7.204408446830508517e+00
-7.188204661888681457e+00
-7.240877790035147754e+00
-7.170735409038190511e+00
-7.200773022893748987e+00
-7.220278422812488550e+00
-7.228486304518873418e+00
-7.193306216571758505e+00
-7.198064501539835014e+00
-7.225676791420973188e+00
-7.187313479744105393e+00
-7.208064986887759318e+00
-7.195045531577218156e+00
-7.186106341731209213e+00
-7.199520902060829286e+00
-7.208571949554510638e+00
-7.221255152864973326e+00
-7.198502017513638940e+00
-7.223209925606203896e+00
-7.188611589166916005e+00
-7.172682122955470696e+00
-7.216358634419772322e+00
-7.178745209870468713e+00
-7.221180287815018417e+00
-7.222248008325101942e+00
-7.192264516804996788e+00
-7.226153057540881441e+00
-7.258366229852262208e+00
-7.198820411129746688e+00
-7.210934526208375495e+00
-7.216960602466646613e+00
-7.244032495976221675e+00
-7.242822920517280494e+00
-7.185219948677781687e+00
-7.205862737925553319e+00
-7.213170840227959069e+00
-7.205054327261755986e+00
-7.216204698844489229e+00
-7.203323490109120542e+00
-7.245356447222309981e+00
-7.213844076982015352e+00
-7.214528940298970738e+00
-7.207148252330391358e+00
-7.205166454024209521e+00
-7.216162061588376808e+00
-7.183549847048229964e+00
-7.223713749802572970e+00
-7.198095655636469914e+00
-7.194777990728009165e+00
-7.220726485080461998e+00
-7.211873462364224885e+00
-7.251016347649997584e+00
-7.202212311289917679e+00
-7.266414436949211186e+00
-7.251923341739843210e+00
-7.198098057794774185e+00
-7.248806565649975830e+00
-7.212635581103385540e+00
-7.225897437965890902e+00
-7.215623453103197527e+00
-7.242567958303814279e+00
-7.188942952818724308e+00
-7.216305725474566835e+00
-7.173830099256710113e+00
-7.170661840297481326e+00
-7.231792758051137859e+00
-7.185230392413136435e+00
-7.182370814041489027e+00
-7.190437689274847166e+00
-7.243395984217078976e+00
-7.202725705852334848e+00
-7.196811321962604424e+00
-7.213652508486023684e+00
-7.180047564882086064e+00
-7.201028808274771542e+00
-7.217975187813770788e+00
-7.208718344804309730e+00
-7.234862632299488894e+00
-7.190782704173038553e+00
-7.180970534770314551e+00
-7.185902940441762254e+00
-7.208508564866589197e+00
-7.219200596653530866e+00
-7.259247104317465116e+00
-7.213668826540105883e+00
-7.181491080968646301e+00
-7.188883801681434704e+00
-7.188573188369815625e+00
-7.222743435239973309e+00
-7.226392095423625150e+00
-7.177713081257264705e+00
-7.195283479869313048e+00
-7.193242243289660109e+00
-7.215507580294652890e+00
-7.232988032300013082e+00
-7.204155419027128637e+00
-7.210095029719958859e+00
-7.197820224310852666e+00
-7.189659295180317322e+00
-7.208718988893805246e+00
-7.187026140418572240e+00
-7.205978553782399487e+00
-7.192814244966147186e+00
-7.212134437186549896e+00
-7.224924425609434486e+00
-7.201715852709594579e+00
-7.214699470956238869e+00
-7.226155881728995034e+00
-7.195382822215863783e+00
-7.184882625218032004e+00
-7.214682753085426725e+00
-7.201953954663941282e+00
-7.243590818678760535e+00
-7.202623368109012603e+00
-7.204485792158310531e+00
-7.233428753227102881e+00
-7.202671863465342383e+00
-7.215942187268685082e+00
-7.291982370801302515e+00
-7.202090264350825777e+00
-7.189796576774691417e+00
-7.206277782701418388e+00
-7.203916921216923619e+00
-7.228404543136092819e+00
-7.210021837841938286e+00
-7.281506984029206819e+00
-7.240912088371434407e+00
-7.201482964043991686e+00
-7.200202634641899913e+00
-7.183971113289834065e+00
-7.174576851749929318e+00
-7.228198495883060737e+00
-7.215997573023153144e+00
-7.230975685567441857e+00
-7.229847346389819407e+00
-7.239472810625407817e+00
-7.172192100586789465e+00
-7.218791136365509509e+00
-7.216017295984904933e+00
-7.183999776550520799e+00
-7.277559345029269267e+00
-7.212435355418604921e+00
-7.210631378060678998e+00
-7.169016870288528409e+00
-7.213451266378926974e+00
-7.173385462674398028e+00
-7.231898464284483019e+00
-7.187076665010430077e+00
-7.188753748120911169e+00
-7.227692314821493547e+00
-7.195084664456610213e+00
-7.218951756172503842e+00
-7.203611471703817770e+00
-7.206472395400448150e+00
-7.194273755190659259e+00
-7.241995358852365783e+00
-7.238264699877896113e+00
-7.205042294461859065e+00
-7.220764167526971811e+00
-7.237818298619447255e+00
-7.204451394738049075e+00
-7.195630808730123285e+00
-7.223972849965900167e+00
-7.215244598367892337e+00
-7.205128906865750693e+00
-7.213510168066783024e+00
-7.176042883965528141e+00
-7.266902774841024204e+00
-7.192420411763442267e+00
-7.211975351551254576e+00
-7.193445587006983999e+00
-7.267900557232940706e+00
-7.199491985036260644e+00
-7.220826706642660575e+00
-7.216907015636587985e+00
-7.215506713782039228e+00
-7.213530942099191101e+00
-7.205568993085275764e+00
-7.182591815309289807e+00
-7.272254820309622225e+00
-7.230589018686491620e+00
-7.219600114815117209e+00
-7.210913854716058502e+00
-7.236281904367338313e+00
-7.193977730816936145e+00
-7.177274939141368826e+00
-7.211335632141453900e+00
-7.245645406156838497e+00
-7.187806391695920283e+00
-7.229206833536798271e+00
-7.171094269374482799e+00
-7.199473503469240754e+00
-7.203004039602724617e+00
-7.175785167703024214e+00
-7.229522044535407588e+00
-7.199865030063548055e+00
-7.199861124813889290e+00
-7.188736359297058343e+00
-7.223588771197608338e+00
-7.176473670542051764e+00
-7.256691058269094441e+00
-7.209703789322103873e+00
-7.183702322458596967e+00
-7.194189727768984355e+00
-7.205884592819860046e+00
-7.194996606118758464e+00
-7.195331976703966070e+00
-7.270769921155518567e+00
-7.208838523344498483e+00
-7.225642017006926210e+00
-7.178598336971035110e+00
-7.234435937063119049e+00
-7.185513472326741535e+00
-7.209744333834037455e+00
-7.246676015003268745e+00
-7.189458890224861065e+00
-7.213824053890991905e+00
-7.189256996535445587e+00
-7.199683986174757244e+00
-7.221846798552147284e+00
-7.228745443433374440e+00
-7.235750464225779055e+00
-7.189487821698308245e+00
-7.176264843107367675e+00
-7.221770680791995467e+00
-7.190860345915186969e+00
-7.210792650662568803e+00
-7.211199180724787716e+00
-7.186365492580957692e+00
-7.195775752703423400e+00
-7.197304069409852900e+00
-7.206489723022611926e+00
-7.219652559685311388e+00
-7.206370547491371070e+00
-7.219405360687138007e+00
-7.198502818838408146e+00
-7.217685801138369328e+00
-7.198701121302928385e+00
-7.234684787226266067e+00
-7.215457290674182289e+00
-7.204481090523022324e+00
-7.195391515911371272e+00
-7.204455832364401680e+00
-7.200871092857804356e+00
-7.223922949593172049e+00
-7.180016002937679609e+00
-7.212416986860621826e+00
-7.177985991634117546e+00
-7.194941815840408594e+00
-7.198796145475856889e+00
-7.194553732212463082e+00
-7.184792660115721930e+00
-7.191039827766608994e+00
-7.198019434999610944e+00
-7.182460284259374106e+00
-7.199045367846968801e+00
-7.207692431025056301e+00
-7.232086801247267438e+00
-7.205663165122730973e+00
-7.193679627174307534e+00
-7.234126206557459859e+00
-7.191816778146296052e+00
-7.243895024611027189e+00
-7.205790324519124823e+00
-7.190447968569833925e+00
-7.197641976544607800e+00
-7.206560049170709803e+00
-7.198309043129108353e+00
-7.186792506797488933e+00
-7.226080685415452010e+00
-7.244635318558493076e+00
-7.212061358100277708e+00
-7.202927985933541777e+00
-7.236391745744239046e+00
-7.204137797289150491e+00
-7.209715018662397057e+00
-7.201242878646211487e+00
-7.247413266708049306e+00
-7.219564138463469227e+00
-7.194920382051574137e+00
-7.201164202112538604e+00
-7.251852631432115004e+00
-7.222353345080050779e+00
-7.262709776780522652e+00
-7.190686116374165771e+00
-7.206765208710637971e+00
-7.180872760357289941e+00
-7.227951441212912442e+00
-7.239679843241743740e+00
-7.193249427203238788e+00
-7.181687617983829597e+00
-7.215784182822561732e+00
-7.254814535961320310e+00
-7.171342841889567943e+00
-7.238834565472757276e+00
-7.176485731875421159e+00
-7.184880724402521679e+00
-7.181406998583713452e+00
-7.227612242353939287e+00
-7.174814534157189172e+00
-7.179910106546114612e+00
-7.238724330518263805e+00
-7.223758575044019636e+00
-7.184019790777097292e+00
-7.193293967851433379e+00
-7.184177173546216544e+00
-7.263726987812781033e+00
-7.207742246090766081e+00
-7.224046651357157067e+00
-7.206183694607888768e+00
-7.169358345639996521e+00
-7.180128257578767936e+00
-7.220920247609405429e+00
-7.194926514459687006e+00
-7.214652189323849996e+00
-7.217552148149191993e+00
-7.178588554057899529e+00
-7.218689014114623603e+00
-7.218473965370197476e+00
-7.231654605484377107e+00
-7.199770749105828926e+00
-7.192878149850845837e+00
-7.164079458841388082e+00
-7.241144621122726832e+00
-7.189999429108502760e+00
-7.227503489777807211e+00
-7.168843421211190226e+00
-7.193986523258978139e+00
-7.197366801008407755e+00
-7.212168456355811941e+00
-7.215869335395812989e+00
-7.220431760032710145e+00
-7.182583770869744200e+00
-7.233560793832962688e+00
-7.200693249299185972e+00
-7.198947910081400892e+00
-7.209424790918474102e+00
-7.178012737607012639e+00
-7.178684532747761082e+00
-7.203229139378489521e+00
-7.245757411588006569e+00
-7.197215412785156197e+00
-7.203732737616161508e+00
-7.184979770908596741e+00
-7.181372224922915493e+00
-7.205365766725442711e+00
-7.227522461277360755e+00
-7.181784071867613584e+00
-7.163654356509696619e+00
-7.188923320966011055e+00
-7.207221900185133201e+00
-7.220965317584085774e+00
-7.204088623468368979e+00
-7.189630208523973387e+00
-7.255000638549424785e+00
-7.232855620145294928e+00
-7.193355839767414217e+00
-7.168818540637700742e+00
-7.233728241408975634e+00
-7.197870152578195402e+00
-7.223713607759549404e+00
-7.206714890734734702e+00
-7.232913124712642805e+00
-7.217767914456649336e+00
-7.183183282785806867e+00
-7.222509847046643117e+00
-7.186088375774852821e+00
-7.206149595771737637e+00
-7.202055318076532764e+00
-7.183558064792073594e+00
-7.191355331608619395e+00
-7.193938109200533226e+00
-7.196795755368792236e+00
-7.197976276345077196e+00
-7.234956770323877073e+00
-7.230056293993823324e+00
-7.199481564979815396e+00
-7.205108679356452051e+00
-7.236254476681566850e+00
-7.226350439131382863e+00
-7.243703281609070288e+00
-7.190598925692053278e+00
-7.222507788476502988e+00
-7.235920785818589884e+00
-7.225195229122341800e+00
-7.218409333712493492e+00
-7.186359528732980451e+00
-7.189043435831730555e+00
-7.199936752797512440e+00
-7.207775445766142930e+00
-7.215167247674849627e+00
-7.183064091883885283e+00
-7.202233818489891526e+00
-7.193249194140307168e+00
-7.218808960352674831e+00
-7.232982405373965307e+00
-7.225383030099169268e+00
-7.189440443944064896e+00
-7.199702675960938159e+00
-7.208970783844906194e+00
-7.205454122041632381e+00
-7.209023561247572154e+00
-7.204018784850680035e+00
-7.198283788707237285e+00
-7.191520117038811222e+00
-7.224902954649587983e+00
-7.208763559316767378e+00
-7.236169052022264125e+00
-7.185534035211039949e+00
-7.186970272187848785e+00
-7.183492636946345655e+00
-7.202395087807202501e+00
-7.216060681765751106e+00
-7.230250977371725618e+00
-7.203608439185363643e+00
-7.189400638518640640e+00
-7.259211739675841990e+00
-7.231094923441610867e+00
-7.198182737530705033e+00
-7.199557528801976858e+00
-7.237768101130069631e+00
-7.220599659353853284e+00
-7.208108235526993646e+00
-7.203840425845180029e+00
-7.193561335944099966e+00
-7.238457749048518686e+00
-7.194635660796190102e+00
-7.264919709536224346e+00
-7.232979274707512118e+00
-7.185296906264670547e+00
-7.232773616281066076e+00
-7.203640328101081458e+00
-7.194567661991013274e+00
-7.212103500850398419e+00
-7.196467909119362183e+00
-7.237319846033816617e+00
-7.200487107208635607e+00
-7.202589278966313735e+00
-7.202671832388542583e+00
-7.201174551332865548e+00
-7.239935815730971669e+00
-7.183165747108637866e+00
-7.235543061950997945e+00
-7.182573925559693429e+00
-7.205815384350479746e+00
-7.223749182489113352e+00
-7.227192134763150477e+00
-7.180450832440109288e+00
-7.204310985982436577e+00
-7.221880343352956366e+00
-7.196358766675203356e+00
-7.242863125264753066e+00
-7.185567180297749879e+00
-7.196696548123860282e+00
-7.199817704341205271e+00
-7.213281015984367883e+00
-7.195129318567221155e+00
-7.224691698214802393e+00
-7.226723087340280571e+00
-7.229627226924090877e+00
-7.210583909956746140e+00
-7.197876765373805164e+00
-7.220464810122731336e+00
-7.204861565158056536e+00
-7.191332677303037713e+00
-7.206856980783988398e+00
-7.199630494112433610e+00
-7.203490598459761252e+00
-7.214042016921701439e+00
-7.286808301690633094e+00
-7.187577263288503993e+00
-7.226078625416937129e+00
-7.205121523934347572e+00
-7.212734280568347423e+00
-7.212945174583057728e+00
-7.217040913499205956e+00
-7.203944000085935606e+00
-7.240953403958061863e+00
-7.198253312256087888e+00
-7.207408845509764461e+00
-7.209426047218571831e+00
-7.245305575649253704e+00
-7.212620480261624500e+00
-7.201656841614059168e+00
-7.209905446109962313e+00
-7.265998147149476338e+00
-7.200653043484440907e+00
-7.229839859488215836e+00
-7.223186036704440482e+00
-7.222961785436174509e+00
-7.204257390684685625e+00
-7.220684028767900386e+00
-7.213662072197892350e+00
-7.210588487912902522e+00
-7.230194726031687225e+00
-7.280334447626643168e+00
-7.205862168979995097e+00
-7.233606884044279539e+00
-7.246234636386342132e+00
-7.206369865008606546e+00
-7.215102914908053222e+00
-7.197760366952418387e+00
-7.202495524713977026e+00
-7.206858905824914174e+00
-7.208576986489170224e+00
-7.187734306142600005e+00
-7.207020728014652100e+00
-7.185030682905404475e+00
-7.165863219884364810e+00
-7.192595232074714851e+00
-7.229668623111967563e+00
-7.178552913163303018e+00
-7.204236811423601949e+00
-7.188646645252288359e+00
-7.191199312200468263e+00
-7.204460592312437406e+00
-7.204565695398700953e+00
-7.225960025143147725e+00
-7.255833647897684813e+00
-7.214485976718242100e+00
-7.231663215902189634e+00
-7.213903124569574388e+00
-7.258224213349468990e+00
-7.210962445154549094e+00
-7.204535682187802159e+00
-7.220038277104323221e+00
-7.240728972203361202e+00
-7.221710842744561987e+00
-7.209451740949335274e+00
-7.230616042616214934e+00
-7.178634295359824335e+00
-7.198989329952553362e+00
-7.216878326291352508e+00
-7.221608183344080167e+00
-7.201210059783389461e+00
-7.226591646555672099e+00
-7.190997968313882716e+00
-7.201188123517542117e+00
-7.219889662729116253e+00
-7.180612510252535330e+00
-7.221226250498125054e+00
-7.229872498240188072e+00
-7.201289096138965284e+00
-7.207728895841439609e+00
-7.186360100117375360e+00
-7.201925694293113800e+00
-7.198561065848966933e+00
-7.192771853248622449e+00
-7.205269051929238167e+00
-7.233706589113451102e+00
-7.191075355927372570e+00
-7.217914855470981550e+00
-7.262191366114833180e+00
-7.196833861894774920e+00
-7.200486006658872284e+00
-7.219301738234443988e+00
-7.207190150083364166e+00
-7.187533344466435103e+00
-7.197235928515573811e+00
-7.218526343860872885e+00
-7.201678274640785027e+00
-7.235668264650056081e+00
-7.221976890288900996e+00
-7.223930255733154837e+00
-7.187716633383731235e+00
-7.211014765889845357e+00
-7.174181854291522775e+00
-7.199448626574867838e+00
-7.207444484309402100e+00
-7.231588901753811527e+00
-7.187575086307745664e+00
-7.202576186212394482e+00
-7.238522684987723110e+00
-7.224691359843174787e+00
-7.197344379306345630e+00
-7.216957072479234903e+00
-7.199565406041792848e+00
-7.231073962337609906e+00
-7.220867462461976416e+00
-7.201975266321642977e+00
-7.187593586837183857e+00
-7.187437127078950994e+00
-7.187646144291996997e+00
-7.207750222033534548e+00
-7.196883629628381129e+00
-7.163972735601369379e+00
-7.244009622768536438e+00
-7.215514216115300528e+00
-7.204886268395468640e+00
-7.208082307549427803e+00
-7.230585669246210045e+00
-7.211654698289659216e+00
-7.219878104117963602e+00
-7.249906216040547413e+00
-7.205994520784022583e+00
-7.241534287710205575e+00
-7.195281620695880065e+00
-7.193620531539918872e+00
-7.283223426138603962e+00
-7.194451813375506433e+00
-7.241810978041567815e+00
-7.190852363684018478e+00
-7.214458985926819778e+00
-7.231978463840737170e+00
-7.291187704372742218e+00
-7.185507112604962998e+00
-7.193781614660099244e+00
-7.196753316768578657e+00
-7.191654874099807415e+00
-7.194805469833442046e+00
-7.206445846525847188e+00
-7.208215302341841380e+00
-7.235798023953456060e+00
-7.181147137165734051e+00
-7.196304527722465316e+00
-7.191422383860604839e+00
-7.196021517037191728e+00
-7.192659093309939244e+00
-7.199301918788081345e+00
-7.211481303048859814e+00
-7.185458781508227588e+00
-7.193541834213986519e+00
-7.210831563684981127e+00
-7.185268170379079500e+00
-7.228120997313864926e+00
-7.204263433343677470e+00
-7.209767620508273467e+00
-7.198154743642738218e+00
-7.202612428690700064e+00
-7.196550642120432606e+00
-7.208325627998770635e+00
-7.234906148572244788e+00
-7.183259150372002466e+00
-7.256154451891005941e+00
-7.218006643290088675e+00
-7.181782886276712574e+00
-7.219696496800893648e+00
-7.209419077699934064e+00
-7.210636686848937771e+00
-7.220731525908115067e+00
-7.237591028090612610e+00
-7.181544916289397840e+00
-7.200191501655758053e+00
-7.243484901120725183e+00
-7.178860534557672146e+00
-7.208618779922320918e+00
