-7.188138474381630338e+00
-7.195596000318730034e+00
-7.246489920056797374e+00
-7.213563003224806813e+00
-7.206969739541165154e+00
-7.180769567626280825e+00
-7.209075981942604905e+00
-7.208507962949889603e+00
-7.203588287736326201e+00
-7.231704688608669329e+00
-7.201150124192690072e+00
-7.230819280507479796e+00
-7.213554417640580141e+00
-7.182151397153013761e+00
-7.187902715989382685e+00
-7.196473802755512850e+00
-7.204365308150472380e+00
-7.212648198302471947e+00
-7.176832789860343453e+00
-7.212774840510959962e+00
-7.201722083187954482e+00
-7.200168327404223412e+00
-7.200627639208704522e+00
-7.235590670709146188e+00
-7.215262523317628407e+00
-7.185106735564723124e+00
-7.216173322681513902e+00
-7.250947581105487316e+00
-7.210817343380863775e+00
-7.200871554056242019e+00
-7.184018817891423048e+00
-7.197407533521143819e+00
-7.201124687876578001e+00
-7.198225573302676317e+00
-7.219348434826033944e+00
-7.212559028196205091e+00
-7.233463696096073647e+00
-7.253630517900013785e+00
-7.199603210188814550e+00
-7.187790112549174104e+00
-7.222492225362021401e+00
-7.214160361123138188e+00
-7.194755835111362963e+00
-7.266724016305504463e+00
-7.192350503143705609e+00
-7.216364558343512314e+00
-7.204173736185374821e+00
-7.210218711034982242e+00
-7.241258336380504979e+00
-7.240707436822217069e+00
-7.225813101511568526e+00
-7.222078498533824664e+00
-7.221232369794614137e+00
-7.201875060809914686e+00
-7.201305806118161179e+00
-7.226541005686629049e+00
-7.194252434248862293e+00
-7.224120594124610939e+00
-7.211857066259801385e+00
-7.209297225037025747e+00
-7.188109070233318576e+00
-7.201687841758191766e+00
-7.205362428972957645e+00
-7.202378456454171740e+00
-7.218430231650750706e+00
-7.176702271894698448e+00
-7.199071305545341026e+00
-7.205425955609498168e+00
-7.204474579890386643e+00
-7.253424073637233960e+00
-7.204902835398353744e+00
-7.189673377246949215e+00
-7.210961046335159885e+00
-7.186196878456183157e+00
-7.181572200787289972e+00
-7.207048435070386283e+00
-7.213884563386197435e+00
-7.267145022012498679e+00
-7.192165241647633600e+00
-7.207447469203834167e+00
-7.232230907959378285e+00
-7.213490126723851148e+00
-7.202288463956708853e+00
-7.167014989489476129e+00
-7.201285796770613423e+00
-7.182455691052286539e+00
-7.183828479342296625e+00
-7.225014653822237065e+00
-7.203602361963530321e+00
-7.185263739132827787e+00
-7.242975900000730327e+00
-7.207700552516836723e+00
-7.174381102578693437e+00
-7.218812050651513879e+00
-7.190221180834547532e+00
-7.223440269390447810e+00
-7.258351222248711210e+00
-7.191137227412162325e+00
-7.197599862505614787e+00
-7.202055043377549204e+00
-7.236778616677132625e+00
-7.172863624269056437e+00
-7.214935900835692806e+00
-7.198042745264143782e+00
-7.175793447703441963e+00
-7.183769148999971321e+00
-7.207648231149136109e+00
-7.206953225979143340e+00
-7.177363066695417793e+00
-7.215665853859039025e+00
-7.206909755022294028e+00
-7.224231558656240004e+00
-7.246712972945180020e+00
-7.178932387841471474e+00
-7.204371176614960071e+00
-7.229450672991297289e+00
-7.223654093720360159e+00
-7.214074777348224998e+00
-7.192484580918462989e+00
-7.230847808853086534e+00
-7.217095492155567449e+00
-7.174864387117721343e+00
-7.222172347995259756e+00
-7.217639728438686397e+00
-7.228851960545903843e+00
-7.247476878895042773e+00
-7.191379192192249192e+00
-7.199665909477996451e+00
-7.201458388073722183e+00
-7.204483913471232626e+00
-7.225964984287068127e+00
-7.202631146504725912e+00
-7.233492908910014840e+00
-7.280293632549862615e+00
-7.198490477905452600e+00
-7.189897901595279528e+00
-7.225996858060252492e+00
-7.260101643558751761e+00
-7.196607891530805823e+00
-7.193700406414485826e+00
-7.225449131592000640e+00
-7.192634372768041295e+00
-7.242365291435018726e+00
-7.179661930217401178e+00
-7.191733670739965056e+00
-7.211559855070789560e+00
-7.243192955110655085e+00
-7.208691618697667280e+00
-7.235067564807525109e+00
-7.213655955405602782e+00
-7.222075030125810535e+00
-7.199417923894202431e+00
-7.230041840431220557e+00
-7.213594641275076214e+00
-7.207024117877201874e+00
-7.214947034291985695e+00
-7.251645702344957201e+00
-7.252906516968537609e+00
-7.196116826188052151e+00
-7.247996042026636943e+00
-7.225358804145225911e+00
-7.192418673986040289e+00
-7.209816796423420548e+00
-7.235241284964319952e+00
-7.205496294972144611e+00
-7.216932185604449934e+00
-7.226004531287375521e+00
-7.219658327071157622e+00
-7.190780744658169965e+00
-7.243646493524302343e+00
-7.179202885698870773e+00
-7.197057642011549738e+00
-7.212346920995688748e+00
-7.194147325382997060e+00
-7.203518061244621684e+00
-7.227752129322214003e+00
-7.195543862286915449e+00
-7.203080691635478594e+00
-7.204960969530832315e+00
-7.165062437650577820e+00
-7.192710470117756216e+00
-7.194470205106174632e+00
-7.198834165335908253e+00
-7.229031722664919002e+00
-7.197749767166446766e+00
-7.200014765467510180e+00
-7.219754305014761009e+00
-7.277624203410210768e+00
-7.201880888921483148e+00
-7.238124185199953153e+00
-7.198935499144166528e+00
-7.201020648096484678e+00
-7.213922767972734462e+00
-7.193279320876323268e+00
-7.188077195116806095e+00
-7.212320192968163290e+00
-7.192960055078529535e+00
-7.219935581915014389e+00
-7.194441210137605403e+00
-7.200571705874168948e+00
-7.277938840215795402e+00
-7.186823463701996317e+00
-7.185597886290839398e+00
-7.210201270416844999e+00
-7.187325292979416247e+00
-7.233428815793934596e+00
-7.203670762418874496e+00
-7.199647844022527998e+00
-7.199426027991694177e+00
-7.201252586050763682e+00
-7.233630942044102952e+00
-7.177196052238667079e+00
-7.232041633714489492e+00
-7.253275990027680642e+00
-7.214473288200003331e+00
-7.216248547094135546e+00
-7.225454186378891031e+00
-7.180515355825210833e+00
-7.239502362937415114e+00
-7.191198260816118015e+00
-7.201668842945459836e+00
-7.189488263225207731e+00
-7.197891144408529840e+00
-7.216374362995499503e+00
-7.205905479164162131e+00
-7.181786575098509040e+00
-7.201447718640263673e+00
-7.258618208026338614e+00
-7.206207366025002337e+00
-7.187807686823115993e+00
-7.226281749801415799e+00
-7.213025594399118390e+00
-7.188233264346322038e+00
-7.221238043066997569e+00
-7.202827575155857254e+00
-7.210434852793130567e+00
-7.205520751894905374e+00
-7.211283289080010483e+00
-7.237942593005478820e+00
-7.226467120281180989e+00
-7.245089520708476449e+00
-7.210027119376459126e+00
-7.219845736247341605e+00
-7.202990380291403483e+00
-7.194566166464459123e+00
-7.219205891980791989e+00
-7.193899074198864874e+00
-7.187614044787796530e+00
-7.217682259840749737e+00
-7.209313323474990653e+00
-7.185121450207963001e+00
-7.203596930888863881e+00
-7.232937384421149751e+00
-7.177893160912049986e+00
-7.209262540683815779e+00
-7.202302873547902884e+00
-7.188828047874612714e+00
-7.160960270737050770e+00
-7.202819336048560395e+00
-7.278046901913542754e+00
-7.209015089439573032e+00
-7.194801925704526369e+00
-7.208136264215129430e+00
-7.205939804944453186e+00
-7.212988436612063126e+00
-7.219519477131467688e+00
-7.205594386051559219e+00
-7.198492568518565449e+00
-7.192518411988976901e+00
-7.187833760013935702e+00
-7.218058690061440075e+00
-7.235684035546293025e+00
-7.229917749322772202e+00
-7.220345712486254008e+00
-7.192935736855775808e+00
-7.190450533537683597e+00
-7.188159406047479827e+00
-7.185486533059172842e+00
-7.212779879285007745e+00
-7.199197360673425194e+00
-7.257258055598073021e+00
-7.183970454934164529e+00
-7.191340209406973827e+00
-7.220917432140497638e+00
-7.181374540411090912e+00
-7.229970591704049099e+00
-7.225756559666471901e+00
-7.199605293085845403e+00
-7.200246236374543862e+00
-7.236859061431889728e+00
-7.192830257298222563e+00
-7.207988183906687496e+00
-7.167464504469764464e+00
-7.201663154877760320e+00
-7.224255526092923319e+00
-7.196540289856829808e+00
-7.173110175476553607e+00
-7.242634962069898208e+00
-7.219656913497694006e+00
-7.178565214113849180e+00
-7.205993671224023345e+00
-7.228131517102636572e+00
-7.202738040468024572e+00
-7.208138362487455986e+00
-7.211619707744604035e+00
-7.188020813010682630e+00
-7.191336342749020005e+00
-7.183230791638180790e+00
-7.201482282824247072e+00
-7.248259808919580216e+00
-7.208478904519274977e+00
-7.210193870169232078e+00
-7.208231386796250639e+00
-7.203888229500404528e+00
-7.217585744542478920e+00
-7.178714947378665556e+00
-7.206354670358249948e+00
-7.182183780538902163e+00
-7.230740195563465811e+00
-7.208215160550762945e+00
-7.240754107756049329e+00
-7.209639338578224255e+00
-7.207422656951623985e+00
-7.206018500103609448e+00
-7.282101019350826654e+00
-7.191350422581711754e+00
-7.219494311894099958e+00
-7.211302099537789445e+00
-7.199497217490290701e+00
-7.210591829107617201e+00
-7.215825770009893780e+00
-7.210807275888384993e+00
-7.262009342942786994e+00
-7.216381635488141377e+00
-7.186624540513244064e+00
-7.174467129851382019e+00
-7.222400205805185713e+00
-7.209055967348135141e+00
-7.202736215018457067e+00
-7.243755313057888223e+00
-7.199315261875617544e+00
-7.224495705527379741e+00
-7.200085149040452492e+00
-7.258703658095091882e+00
-7.225045195373026807e+00
-7.175775891021400454e+00
-7.210869337711838689e+00
-7.191105637694557906e+00
-7.189360281602947822e+00
-7.230892724289945228e+00
-7.247369708161172319e+00
-7.214901980097355505e+00
-7.175993730106306145e+00
-7.238041818047245890e+00
-7.192702984152248291e+00
-7.213960179971509845e+00
-7.220032660087330356e+00
-7.187414170648668055e+00
-7.189732104978384442e+00
-7.189451673123421926e+00
-7.233413385902194292e+00
-7.209612817146495267e+00
-7.225039882745091013e+00
-7.193157320380210606e+00
-7.244907911501255349e+00
-7.220736307476693483e+00
-7.187728838763067785e+00
-7.208160628782898094e+00
-7.213395618974174361e+00
-7.227577825802497635e+00
-7.210466351022086329e+00
-7.185048340306458670e+00
-7.212289195200098035e+00
-7.197126988240232670e+00
-7.206241740409955021e+00
-7.218072146279551404e+00
-7.164967609823757577e+00
-7.203058542281367771e+00
-7.203514688435580737e+00
-7.209455920301409471e+00
-7.199072706301877567e+00
-7.240737946310718876e+00
-7.215259450309675415e+00
-7.195183534510832146e+00
-7.192077411461255565e+00
-7.191591545730154245e+00
-7.179837531368875148e+00
-7.187889497825214136e+00
-7.193708039054580894e+00
-7.246629775173239807e+00
-7.189747708764776313e+00
-7.183456377551030059e+00
-7.213190853258891977e+00
-7.219897912560620412e+00
-7.218176898653201334e+00
-7.190219794196195835e+00
-7.176423154475181754e+00
-7.181908018435523289e+00
-7.177383894340528592e+00
-7.257364646068930725e+00
-7.210089731855877204e+00
-7.215615644309050225e+00
-7.195334660624868484e+00
-7.247181502351039306e+00
-7.212392115112421287e+00
-7.204992578853214091e+00
-7.220237987733467477e+00
-7.191585567393148359e+00
-7.196191985600420615e+00
-7.214552003449100859e+00
-7.201651584707496667e+00
-7.198435470010464243e+00
-7.160090065853112584e+00
-7.202276977790108781e+00
-7.233561998690911210e+00
-7.196259603390158688e+00
-7.191642222167260456e+00
-7.205277185243050830e+00
-7.211629000181157600e+00
-7.216622669832957193e+00
-7.190316082745933812e+00
-7.226011729552300977e+00
-7.215069298261219899e+00
-7.220849826689061501e+00
-7.199069850404642423e+00
-7.217977309085356730e+00
-7.222976841510103441e+00
-7.221693271063268860e+00
-7.219972973046281162e+00
-7.203857744746681391e+00
-7.236642452645845047e+00
-7.191476727169937355e+00
-7.202600597001310057e+00
-7.211389316815019157e+00
-7.170341370088199717e+00
-7.172861604328773844e+00
-7.186504881455793026e+00
-7.197621654581293882e+00
-7.204393469857529375e+00
-7.211531489458608668e+00
-7.220965371196268023e+00
-7.197927965892862545e+00
-7.221044592083567082e+00
-7.228901122278162283e+00
-7.250404244841182511e+00
-7.213949644044078013e+00
-7.208052666246127060e+00
-7.217922949532252552e+00
-7.172741886384967458e+00
-7.187293121763094206e+00
-7.223378737966039687e+00
-7.179135581321196113e+00
-7.210066196021441165e+00
-7.244296295873758673e+00
-7.228326170650547056e+00
-7.217711670524431078e+00
-7.194196006783009523e+00
-7.185588564299996150e+00
-7.192466752968054600e+00
-7.203223384302222421e+00
-7.176247537245249219e+00
-7.183617353488080504e+00
-7.235255997845617237e+00
-7.196560034713989751e+00
-7.221012487671340629e+00
-7.217110511506577453e+00
-7.211011152089887410e+00
-7.199776150318397683e+00
-7.222928799111241638e+00
-7.171013486751629529e+00
-7.219072903794727658e+00
-7.245891730425978672e+00
-7.181456222591712013e+00
-7.211738693758844576e+00
-7.172407872107452675e+00
-7.209167128599437646e+00
-7.183364079204021202e+00
-7.197407475043835490e+00
-7.209241089285738369e+00
-7.223163931771696689e+00
-7.222111940054211310e+00
-7.228001203672238084e+00
-7.196424405856617135e+00
-7.228384146068949967e+00
-7.240430644739465293e+00
-7.203186261655921463e+00
-7.227775720676863358e+00
-7.203601901896713677e+00
-7.201830500683326086e+00
-7.199581001292520988e+00
-7.189931043930225307e+00
-7.220875977749370733e+00
-7.207798551458130198e+00
-7.210348883351855420e+00
-7.209089570124606716e+00
-7.221183321335050920e+00
-7.212125253125586610e+00
-7.173318776626988580e+00
-7.214782765618489080e+00
-7.199898520749134612e+00
-7.205322365760682857e+00
-7.208179740746543551e+00
-7.229686245963021562e+00
-7.211179986260807695e+00
-7.215686678006483668e+00
-7.216284838097301702e+00
-7.201761718177445815e+00
-7.209122484551536481e+00
-7.212625331219899572e+00
-7.191777845163544569e+00
-7.199162364164245709e+00
-7.229375970364957382e+00
-7.231191652447324536e+00
-7.182801851525785430e+00
-7.216014094895490949e+00
-7.230344118413462695e+00
-7.231815188822009688e+00
-7.198867041307875247e+00
-7.211706294876906398e+00
-7.247995183320333545e+00
-7.263249906500027109e+00
-7.209207509589764307e+00
-7.220258413824709898e+00
-7.214683521139184208e+00
-7.236251766469941948e+00
-7.193255623228161255e+00
-7.212299146600885003e+00
-7.185414027403637327e+00
-7.221844017237981639e+00
-7.200847922662797274e+00
-7.194142593761134741e+00
-7.254604839888499690e+00
-7.203894432431285466e+00
-7.200519843240016371e+00
-7.210335189982463255e+00
-7.200115671962434405e+00
-7.196523127307734136e+00
-7.214639372176669063e+00
-7.215592002205540645e+00
-7.249587929140069775e+00
-7.182497944580333638e+00
-7.209512658524041662e+00
-7.195629253607116915e+00
-7.189426701966916688e+00
-7.199721854424314671e+00
-7.205662297659380044e+00
-7.191881311887450501e+00
-7.231892446966632804e+00
-7.209517256281678499e+00
-7.208288893097640759e+00
-7.187838871000836960e+00
-7.193326864277898025e+00
-7.195228132522216491e+00
-7.191882127814862358e+00
-7.193516772239352264e+00
-7.209451306257897762e+00
-7.199082701858121602e+00
-7.215947892733296065e+00
-7.186995456579994723e+00
-7.208426752553729777e+00
-7.224139142038212391e+00
-7.228890554628118359e+00
-7.210008644231562513e+00
-7.200039420519756206e+00
-7.196566247141236161e+00
-7.237881243929003894e+00
-7.206887268740179486e+00
-7.189721577357769178e+00
-7.221648892537669617e+00
-7.188217451439642858e+00
-7.222513027880065550e+00
-7.228673548154786133e+00
-7.184976708793694655e+00
-7.264969569160313334e+00
-7.197151704684413787e+00
-7.242987087636297616e+00
-7.198260613334265479e+00
-7.182809948285322044e+00
-7.210995579603166838e+00
-7.217610198459358806e+00
-7.183183114189874985e+00
-7.206622706141220469e+00
-7.209762070203546536e+00
-7.188380349203653097e+00
-7.191388056704336229e+00
-7.187175774268628636e+00
-7.214851988188732967e+00
-7.222059187001337754e+00
-7.200150595613040494e+00
-7.210619544091156463e+00
-7.200534158151898900e+00
-7.182793729387225490e+00
-7.247737943850100173e+00
-7.216308602756000390e+00
-7.211660563720557526e+00
-7.217037212319443285e+00
-7.224245506001356176e+00
-7.215328527282803606e+00
-7.222537828004091054e+00
-7.186862585685589444e+00
-7.212994364243149548e+00
-7.185372031995123088e+00
-7.216220348565770770e+00
-7.227478721643000981e+00
-7.203742605350461403e+00
-7.207104191076105337e+00
-7.254137497510467547e+00
-7.190952349893690254e+00
-7.174607185391653985e+00
-7.214125453402163934e+00
-7.215550734853328763e+00
-7.223411254347801069e+00
-7.235389345686662921e+00
-7.212009371883190134e+00
-7.235002451252621647e+00
-7.201892882471360835e+00
-7.255109360586676992e+00
-7.206933338215652185e+00
-7.199245652077257418e+00
-7.223891610428158749e+00
-7.205466090109766242e+00
-7.270335961203277186e+00
-7.216958021958978620e+00
-7.192305707573575013e+00
-7.195736951833817230e+00
-7.220999455706937908e+00
-7.208939707614432812e+00
-7.206168357100118271e+00
-7.198321740662854573e+00
-7.206953302785540139e+00
-7.269418327851906447e+00
-7.186016164928304306e+00
-7.189830022842652824e+00
-7.210918105451359139e+00
-7.207417153731274340e+00
-7.221061018243640106e+00
-7.209562882403766082e+00
-7.220276883170329008e+00
-7.233825250082951186e+00
-7.192438699141056269e+00
-7.195305710603226323e+00
-7.217057505724643107e+00
-7.202317381581565314e+00
-7.190081986818022131e+00
-7.218111902050384110e+00
-7.211426345090286461e+00
-7.182698227242066302e+00
-7.198919578543788944e+00
-7.180905625748716048e+00
-7.228141083852826831e+00
-7.223766273087727896e+00
-7.205540087207218392e+00
-7.233991525521324739e+00
-7.200421371452248032e+00
-7.231065734131103540e+00
-7.185643627495835517e+00
-7.209626089949584760e+00
-7.207175579517949515e+00
-7.210063129464599818e+00
-7.176567880495475116e+00
-7.236184018535579909e+00
-7.208955163205909678e+00
-7.186143635458589252e+00
-7.214679318900178551e+00
-7.192187362207627999e+00
-7.200704500344025760e+00
-7.213341978525100728e+00
-7.188604420435289910e+00
-7.176173693392167152e+00
-7.178684421188891385e+00
-7.236882011855842123e+00
-7.202981214699113011e+00
-7.179079063890415391e+00
-7.225272370465710914e+00
-7.218831229413085637e+00
-7.223668779356094305e+00
-7.204045047783855793e+00
-7.225940530853486976e+00
-7.195262583141713186e+00
-7.180344279986485390e+00
-7.247469523877565933e+00
-7.243986213564459042e+00
-7.231712420738637626e+00
-7.199471024829954047e+00
-7.208692491413026815e+00
-7.254765649182011167e+00
-7.167373936897718956e+00
-7.201831447244934736e+00
-7.219439589868641427e+00
-7.216332783342925161e+00
-7.203823527157036999e+00
-7.182586379251350017e+00
-7.208130914005834278e+00
-7.207142244682350096e+00
-7.198439374657944256e+00
-7.180452232378273791e+00
-7.206122546745690194e+00
-7.212320507757265631e+00
-7.184130539441884622e+00
-7.220130722019426628e+00
-7.202686386844924016e+00
-7.198785621013614744e+00
-7.211624780356703290e+00
-7.240336099489257826e+00
-7.218918565530233700e+00
-7.215424585077137465e+00
-7.212999835154718653e+00
-7.176094489457092607e+00
-7.187853076006039288e+00
-7.268141415693460061e+00
-7.194296813804704982e+00
-7.194036776007924239e+00
-7.174345458515099416e+00
-7.180628717242258929e+00
-7.198384643929460758e+00
-7.199024169784522087e+00
-7.215291101376844374e+00
-7.206494961346623818e+00
-7.192397146179833278e+00
-7.217868129552265088e+00
-7.187446946797784619e+00
