-7.243470966585631388e+00
-7.250781360503720130e+00
-7.234524577058214945e+00
-7.194443063153426188e+00
-7.206458231217271582e+00
-7.183459631876006668e+00
-7.174503037185838927e+00
-7.208625376667407103e+00
-7.242317632422099472e+00
-7.191867197480922513e+00
-7.207748625857599123e+00
-7.223056311972161581e+00
-7.216042618135973363e+00
-7.203249649333517191e+00
-7.199622626516803514e+00
-7.225269686113564127e+00
-7.234256028636044000e+00
-7.185443831992015973e+00
-7.216304001096490950e+00
-7.184700167021785155e+00
-7.225365424176416695e+00
-7.201643788362312115e+00
-7.233660670721259400e+00
-7.198437621121369645e+00
-7.220876193703167800e+00
-7.196475174046508272e+00
-7.234070816847875562e+00
-7.205997254317779266e+00
-7.194363286812196279e+00
-7.221946426917179807e+00
-7.244679428534698040e+00
-7.212038937683902695e+00
-7.205989242124347882e+00
-7.185009659750360100e+00
-7.237035057405468486e+00
-7.195116295438176657e+00
-7.222297485398640582e+00
-7.195525879277772319e+00
-7.189014055489730382e+00
-7.253902866923610304e+00
-7.205105442072265554e+00
-7.211947681329261783e+00
-7.183055188841157346e+00
-7.221125919158459361e+00
-7.189764825803496073e+00
-7.217053590745361902e+00
-7.214396146005432442e+00
-7.222520558559614834e+00
-7.197375315295957421e+00
-7.196731460480687126e+00
-7.204988278414607983e+00
-7.226772375640069690e+00
-7.197562944763374659e+00
-7.225379183098588065e+00
-7.197372009848237440e+00
-7.174911829101667138e+00
-7.235585939721042692e+00
-7.269693741498746142e+00
-7.190149504522435286e+00
-7.202337484500803022e+00
-7.146575373831373312e+00
-7.203009251628113674e+00
-7.207767456746316803e+00
-7.234255778996934616e+00
-7.218169919803391288e+00
-7.204121139381295613e+00
-7.200253293903335461e+00
-7.222492600545496799e+00
-7.216648354790821784e+00
-7.255366356654656457e+00
-7.198707581530359612e+00
-7.185580633114313720e+00
-7.199736232683451753e+00
-7.225240644282870939e+00
-7.179725716172478123e+00
-7.200096197851181046e+00
-7.203948638647545089e+00
-7.187416296686667039e+00
-7.222413225363241374e+00
-7.227325263520048004e+00
-7.178599937288891120e+00
-7.256063406865856713e+00
-7.236650232788013781e+00
-7.212749919609384719e+00
-7.209698120025249679e+00
-7.244525778010058481e+00
-7.244747988666326854e+00
-7.203016413236912108e+00
-7.238063714377069857e+00
-7.229710352082763691e+00
-7.175819109955837050e+00
-7.239362384656202742e+00
-7.199712066886664097e+00
-7.207656117547697860e+00
-7.196401313013875978e+00
-7.225999662612834662e+00
-7.222160131255983551e+00
-7.184609527493046599e+00
-7.206143250631113162e+00
-7.217972047700097704e+00
-7.192651201007685735e+00
-7.179730024973344449e+00
-7.197558632218427732e+00
-7.199209485890683879e+00
-7.171798050089494225e+00
-7.234166058495471674e+00
-7.239677433061193490e+00
-7.210432613100834942e+00
-7.223424416845295681e+00
-7.248332786036514541e+00
-7.215314514227324949e+00
-7.179474661070608832e+00
-7.210839717924068637e+00
-7.202601189070275467e+00
-7.214604690711062140e+00
-7.194397425488645581e+00
-7.222677285641256439e+00
-7.246477085915832284e+00
-7.207927441707314031e+00
-7.209159408206683217e+00
-7.204404005932896204e+00
-7.187811714949108755e+00
-7.189829688438449828e+00
-7.196450431495530431e+00
-7.200953775386393474e+00
-7.205919849634926599e+00
-7.201964190282208911e+00
-7.244115649496842835e+00
-7.217236902344050797e+00
-7.188770441169118008e+00
-7.192133104321238868e+00
-7.206710504137586071e+00
-7.192686315615046233e+00
-7.206908600260836018e+00
-7.242705933628514003e+00
-7.189578686733303137e+00
-7.203384363834620885e+00
-7.210207600538701023e+00
-7.188636348022254374e+00
-7.230050491442877814e+00
-7.214063947776773844e+00
-7.254766629789789256e+00
-7.227026522642602480e+00
-7.206342893196937993e+00
-7.261412911261586167e+00
-7.172362430954068557e+00
-7.212314788595637793e+00
-7.212091156254787805e+00
-7.197219406678114773e+00
-7.190828725183065373e+00
-7.213902735151846990e+00
-7.210989062138622785e+00
-7.198785237113704660e+00
-7.208976563109525060e+00
-7.189401449497862195e+00
-7.199216099401137825e+00
-7.199654073737593585e+00
-7.226216224216482686e+00
-7.243134099287088290e+00
-7.182716358136501889e+00
-7.221541801960713158e+00
-7.199906726513814803e+00
-7.186197267793552612e+00
-7.202833261633048600e+00
-7.221018668205658741e+00
-7.249213908251506133e+00
-7.226629698229034560e+00
-7.223386714382474594e+00
-7.237900867185105724e+00
-7.196843842037790928e+00
-7.209345738240848789e+00
-7.227953862759968651e+00
-7.230401572992738224e+00
-7.217794140690779514e+00
-7.198002845024435992e+00
-7.192847230454400886e+00
-7.245331798026353631e+00
-7.172944844361267336e+00
-7.186498326269777692e+00
-7.211621496577394375e+00
-7.213000055718921999e+00
-7.224995533741322085e+00
-7.190512486531170033e+00
-7.208984421974522938e+00
-7.201427465314194087e+00
-7.289877763084011697e+00
-7.184938459235293173e+00
-7.257053254705223111e+00
-7.255896375082262040e+00
-7.195244660449575669e+00
-7.216823652830124836e+00
-7.211184853427524466e+00
-7.185976510672710482e+00
-7.191754632651473855e+00
-7.240554519480312479e+00
-7.201998925551036379e+00
-7.219675822916695296e+00
-7.222475412020631147e+00
-7.210878012155779615e+00
-7.223574600170886484e+00
-7.167096598515913186e+00
-7.223827487398517100e+00
-7.218043342193180223e+00
-7.189179464040924117e+00
-7.215152860853141448e+00
-7.215655907439454175e+00
-7.203649087378301452e+00
-7.206557080658995140e+00
-7.203745816066605911e+00
-7.211254689754658109e+00
-7.182565845079957434e+00
-7.210630157335367940e+00
-7.207497238604890555e+00
-7.206166807893145787e+00
-7.217583903010370783e+00
-7.189584918362736943e+00
-7.208114279572407135e+00
-7.212510787905224596e+00
-7.226430315046262542e+00
-7.221083889077907436e+00
-7.194503958951877998e+00
-7.218888080633504956e+00
-7.225492366514157716e+00
-7.220671549257137833e+00
-7.239377662699125970e+00
-7.172757209826992941e+00
-7.211048287131408330e+00
-7.182162132884561956e+00
-7.212040478054269066e+00
-7.216555367818267896e+00
-7.197007374447563777e+00
-7.236517880440837658e+00
-7.146162861940516642e+00
-7.217408090580485158e+00
-7.206790058670878629e+00
-7.201817208307212503e+00
-7.199465159624324428e+00
-7.227625155927979606e+00
-7.247457116825099632e+00
-7.199457780079036695e+00
-7.189216824694347530e+00
-7.200177403226987849e+00
-7.214489338693964804e+00
-7.206499904279017876e+00
-7.236158532818512512e+00
-7.197391269309851403e+00
-7.206822019465032980e+00
-7.223180008716690637e+00
-7.229895186992806977e+00
-7.217048931302187498e+00
-7.208284552720759741e+00
-7.249768837527811094e+00
-7.199157100593197356e+00
-7.168084157359545294e+00
-7.251685065629648541e+00
-7.207988065055705107e+00
-7.193805620500058673e+00
-7.222172229573112112e+00
-7.222321605208912310e+00
-7.193168710293608825e+00
-7.193369942715663434e+00
-7.209148546635397281e+00
-7.210741898401149541e+00
-7.208390982316903894e+00
-7.210295529958553828e+00
-7.243389296204507666e+00
-7.198746575236772749e+00
-7.200102900675354967e+00
-7.273041446829064505e+00
-7.206613749692368565e+00
-7.229487604204656748e+00
-7.228166835674940671e+00
-7.204223616451329804e+00
-7.204552648135911674e+00
-7.228107233459889258e+00
-7.232019057318334276e+00
-7.230076293555334210e+00
-7.213315474371525760e+00
-7.210461672828673230e+00
-7.222504884977951178e+00
-7.200477876737555682e+00
-7.185043728206153446e+00
-7.221376357917612232e+00
-7.243014447552738488e+00
-7.239863343942716689e+00
-7.163239239023255323e+00
-7.181753671369565772e+00
-7.203356810240489239e+00
-7.199728980358464980e+00
-7.230960635704971828e+00
-7.172056336113361574e+00
-7.178663581812244843e+00
-7.208557802755496624e+00
-7.189780137088003897e+00
-7.235270025981708208e+00
-7.202283734168642759e+00
-7.184312402702326850e+00
-7.198566547546523253e+00
-7.217532351701743565e+00
-7.207356316054863044e+00
-7.195367837052828008e+00
-7.169473965453447839e+00
-7.216507368889295115e+00
-7.230346325792243789e+00
-7.209386810609576202e+00
-7.222324929606463328e+00
-7.229769534487450855e+00
-7.201326299909165840e+00
-7.210868683996562112e+00
-7.198792705487086607e+00
-7.197585858577929763e+00
-7.215003035170604484e+00
-7.233151408541824701e+00
-7.216465661444189550e+00
-7.198132746683268302e+00
-7.208468937732855686e+00
-7.195757539597709140e+00
-7.187460390793357412e+00
-7.211965047140406426e+00
-7.174752164792948861e+00
-7.212958612654307267e+00
-7.199896939857839406e+00
-7.200692042853361841e+00
-7.183646209700304652e+00
-7.213394476601838967e+00
-7.188938608928489238e+00
-7.214395124658944169e+00
-7.249486621455622171e+00
-7.226416862566381383e+00
-7.258005087582828807e+00
-7.213076180754118383e+00
-7.207391669630627717e+00
-7.259478164982258619e+00
-7.254461597824981567e+00
-7.223150203600448016e+00
-7.210788241857990499e+00
-7.198719100973539398e+00
-7.194633964868502929e+00
-7.191528700729238999e+00
-7.194995425820398083e+00
-7.183767012312984868e+00
-7.214782468416327532e+00
-7.219211239507267841e+00
-7.213947058793189981e+00
-7.248324629937119568e+00
-7.202207695713077840e+00
-7.277822825537348272e+00
-7.263957641190136094e+00
-7.241799687432322052e+00
-7.199421601162664608e+00
-7.207653528278878063e+00
-7.189850762393496630e+00
-7.229126093760108063e+00
-7.214443401696907898e+00
-7.204248392732758965e+00
-7.198940221922620175e+00
-7.206375617591225691e+00
-7.199052163918407743e+00
-7.195498476505074237e+00
-7.193025032005290420e+00
-7.185014549325321909e+00
-7.220594768796048335e+00
-7.218743997614039287e+00
-7.208174774535883067e+00
-7.208403986475047098e+00
-7.187926680047763028e+00
-7.199991334121760289e+00
-7.199901859006265781e+00
-7.176925938829638696e+00
-7.224869965317291864e+00
-7.200378904477377162e+00
-7.259520263194252365e+00
-7.228283429539750671e+00
-7.205419253135477042e+00
-7.270059479321848706e+00
-7.211161074166116514e+00
-7.188272389672654583e+00
-7.204010867294083909e+00
-7.204391451495595788e+00
-7.204320369333485630e+00
-7.192152521221429673e+00
-7.202666930943690815e+00
-7.195305776769663098e+00
-7.198774493926537232e+00
-7.204966083680407252e+00
-7.180882756427165781e+00
-7.222810907893509658e+00
-7.220927196878554000e+00
-7.215312887929019148e+00
-7.218298783791706086e+00
-7.216399995425702762e+00
-7.198991935763565664e+00
-7.194166075744667488e+00
-7.195758633634736334e+00
-7.232892573342202702e+00
-7.227165312818202736e+00
-7.164924841029667313e+00
-7.239350674900899563e+00
-7.180627263840357877e+00
-7.213528492976807094e+00
-7.209395828491626190e+00
-7.198418475401109795e+00
-7.182228626382109127e+00
-7.200749324956837505e+00
-7.236375409915959622e+00
-7.174799137160920104e+00
-7.193579996412255539e+00
-7.215297532092459498e+00
-7.216398937062102448e+00
-7.201581480061844509e+00
-7.202034375334111616e+00
-7.201737749526674115e+00
-7.180103918872370095e+00
-7.245499368718268052e+00
-7.200706112581307217e+00
-7.173700529592284880e+00
-7.216183089768599679e+00
-7.193876015304019766e+00
-7.231752355273634691e+00
-7.183074715029404089e+00
-7.174189294581999832e+00
-7.232368255737640972e+00
-7.183225802987879938e+00
-7.182106071147472015e+00
-7.222229851343210605e+00
-7.220088172240579638e+00
-7.209946603160259926e+00
-7.203371339487457448e+00
-7.214230621679986299e+00
-7.226063493353164446e+00
-7.193809340291132060e+00
-7.179703580140603059e+00
-7.212387446387618972e+00
-7.201537017409629371e+00
-7.207701095683887615e+00
-7.192862012175674558e+00
-7.192643238407945283e+00
-7.192257298553334621e+00
-7.212454051152317192e+00
-7.191661859709356897e+00
-7.201989600033360972e+00
-7.222882868357686448e+00
-7.218246956853696439e+00
-7.179095925733550487e+00
-7.232563097008713804e+00
-7.182958787035543580e+00
-7.192941743563573631e+00
-7.198328819331495154e+00
-7.179940224635891433e+00
-7.239295767832473416e+00
-7.228563931536627685e+00
-7.172224227449333966e+00
-7.202816766237971180e+00
-7.231004694821007384e+00
-7.197991618160626714e+00
-7.174504991040392632e+00
-7.244473450140383797e+00
-7.245229344904529967e+00
-7.212885627979073178e+00
-7.201715389036230874e+00
-7.205496392078077683e+00
-7.236523977250091555e+00
-7.238780940950519494e+00
-7.188787767068128609e+00
-7.230513732589241904e+00
-7.231756142984419711e+00
-7.202990640863901284e+00
-7.260205649725060439e+00
-7.213320687446286961e+00
-7.192959714569838070e+00
-7.235185269282395915e+00
-7.204775817070851573e+00
-7.193616485731869403e+00
-7.202722024777341581e+00
-7.207764041611541828e+00
-7.194027058365374927e+00
-7.200776370976883278e+00
-7.199123306256327126e+00
-7.175941306201897518e+00
-7.185296908093976143e+00
-7.189139662774045370e+00
-7.218176159412084125e+00
-7.237385843499142268e+00
-7.261838643082143108e+00
-7.182025782915051337e+00
-7.216602872027051419e+00
-7.235408840417439258e+00
-7.207898006616940023e+00
-7.213110467103883039e+00
-7.223179343631674243e+00
-7.210314207361516736e+00
-7.211865098091947424e+00
-7.172679885820661738e+00
-7.214928837909861947e+00
-7.229116399004567484e+00
-7.214052570632211392e+00
-7.214054863213285707e+00
-7.233678319580224780e+00
-7.220960722801383902e+00
-7.189315612161505165e+00
-7.193530802150760017e+00
-7.187775730169438049e+00
-7.199630852081067012e+00
-7.179858839966350104e+00
-7.263512812651586437e+00
-7.194371197138812235e+00
-7.165093831410351832e+00
-7.175056520493914292e+00
-7.179534754155302956e+00
-7.177624303445719889e+00
-7.272783896493139721e+00
-7.194387914432780029e+00
-7.234177987163779022e+00
-7.205350024867004599e+00
-7.216123141738865598e+00
-7.187795933559120165e+00
-7.217221064742959769e+00
-7.228765135822284194e+00
-7.222265067606867817e+00
-7.242484221591077187e+00
-7.182019862137318356e+00
-7.219883200357199549e+00
-7.208111541880990458e+00
-7.192305440036665942e+00
-7.192461179416303807e+00
-7.229392589149197690e+00
-7.229523406962058196e+00
-7.173068875896962737e+00
-7.215590675620513039e+00
-7.181946794914746413e+00
-7.191281500195084497e+00
-7.213310321886686083e+00
-7.205394657823175564e+00
-7.226831511519653084e+00
-7.251657867027028637e+00
-7.194696764076290663e+00
-7.228205877336093543e+00
-7.186599657511537842e+00
-7.201564228004829538e+00
-7.202451701324743993e+00
-7.186677714017752905e+00
-7.188795652353780596e+00
-7.205663232154590148e+00
-7.193335677886655510e+00
-7.231580896268399172e+00
-7.178024692389345596e+00
-7.219827178555661362e+00
-7.178529961677678983e+00
-7.185991964262441911e+00
-7.221092791864664129e+00
-7.234472696758358801e+00
-7.201871743724066910e+00
-7.216430210123744970e+00
-7.218722663115862304e+00
-7.226982321191415259e+00
-7.218326402634518857e+00
-7.199659956140573414e+00
-7.187624668486313873e+00
-7.210364633483411723e+00
-7.193781557467779031e+00
-7.205075005832379809e+00
-7.200632926648697030e+00
-7.211981892846423214e+00
-7.216907551878652960e+00
-7.252044527758615189e+00
-7.211427135719492121e+00
-7.177529250013892970e+00
-7.220629136613061938e+00
-7.233338519798899746e+00
-7.217211572897786809e+00
-7.182511430412374054e+00
-7.197526358830117488e+00
-7.182843364477591308e+00
-7.269840342225075247e+00
-7.237432066768809236e+00
-7.204198510727922056e+00
-7.213489636645039838e+00
-7.184354606745964489e+00
-7.191511538774599366e+00
-7.214012742052276828e+00
-7.247297713317793821e+00
-7.229043586314301884e+00
-7.219095916175991334e+00
-7.249104073688192429e+00
-7.173167241874407907e+00
-7.188857953858747152e+00
-7.204194922511565125e+00
-7.201087254835267792e+00
-7.204143173317137716e+00
-7.193427234753938748e+00
-7.249373831229617871e+00
-7.229668080460307955e+00
-7.188804243504295144e+00
-7.202824865472975624e+00
-7.199112082960729353e+00
-7.196871443168435967e+00
-7.229591696451893590e+00
-7.202957895607828398e+00
-7.185820982715955374e+00
-7.189832112463144576e+00
-7.217241277972095581e+00
-7.216313726806345308e+00
-7.214489433086801462e+00
-7.191327107031405319e+00
-7.197954811243991280e+00
-7.199566077114453400e+00
-7.198055072141627875e+00
-7.188942275030122175e+00
-7.182295287163892539e+00
-7.204006664955040051e+00
-7.236129531163478568e+00
-7.204349942730909895e+00
-7.204062932856296619e+00
-7.197088809904911066e+00
-7.218793899776555278e+00
-7.202231009514621363e+00
-7.229620811461392016e+00
-7.284299269240544383e+00
-7.191600175177327969e+00
-7.207942676723567033e+00
-7.196519792714165753e+00
-7.231270634918001150e+00
-7.204138074127127034e+00
-7.233834355197606314e+00
-7.255143619817437717e+00
-7.226209549669523113e+00
-7.192455008230012936e+00
-7.212707968325822172e+00
-7.215662352292863346e+00
-7.194696880765953928e+00
-7.195997761714348684e+00
-7.185027578567212636e+00
-7.200780567710626912e+00
-7.295413278455496808e+00
-7.202341150673580827e+00
-7.208053073492178164e+00
-7.181136652921425778e+00
-7.211116994852221573e+00
-7.264121635424223733e+00
-7.204089030707604202e+00
-7.202763812317529712e+00
-7.209575815594128301e+00
-7.230030324046688328e+00
-7.207836914292670372e+00
-7.224326750207429093e+00
-7.205581553483491497e+00
-7.192499291910922743e+00
-7.195154975803084163e+00
-7.229837810889324423e+00
-7.206050034526738202e+00
-7.219735867241914740e+00
-7.194235761952486818e+00
-7.194302679969849734e+00
-7.191399573069676698e+00
-7.207845965741243255e+00
-7.180599379678169747e+00
-7.227737299315589503e+00
-7.214245640098381429e+00
-7.172207945600503010e+00
-7.172848574901985685e+00
-7.219170508669373376e+00
-7.184243487668315886e+00
-7.209814544742913611e+00
-7.223984803197732951e+00
-7.240025662408416274e+00
-7.193428430194170886e+00
-7.255308616458594706e+00
-7.189631361096212814e+00
-7.185866026949948804e+00
-7.199733519763008793e+00
-7.201817116267957175e+00
-7.203824443463934912e+00
-7.187474940084578101e+00
-7.217682357606916455e+00
-7.187729653203403402e+00
-7.197616467355440584e+00
-7.193359266876030667e+00
-7.219159812669765586e+00
-7.207639000862332779e+00
-7.235554797016525264e+00
-7.197815608873834314e+00
-7.181585164047121772e+00
-7.194616805837219076e+00
-7.194661693027582849e+00
-7.223035643235596659e+00
-7.235552839056455632e+00
-7.187490507817752672e+00
-7.200060588031446329e+00
-7.217569375599762083e+00
-7.194230706440482237e+00
-7.185740733970440886e+00
-7.263614105414320399e+00
-7.181551149157067826e+00
-7.203508216762127603e+00
-7.198062310347340009e+00
-7.185895683144405410e+00
-7.227918327376483099e+00
-7.193045029271265101e+00
-7.212370520395025686e+00
-7.165393186426180172e+00
-7.209833355268065347e+00
-7.208957500679234798e+00
-7.210017525107489611e+00
-7.214868313722505810e+00
-7.192567536015892493e+00
-7.232818578762370443e+00
-7.195053038732458717e+00
-7.194380879392202388e+00
-7.222432251248324775e+00
-7.216569191772477687e+00
-7.218172273334838351e+00
-7.248291155797331520e+00
-7.246841638487743431e+00
-7.180302399941427716e+00
-7.192689721879053089e+00
-7.223416777304096925e+00
-7.199388279545317459e+00
-7.241484319608272102e+00
-7.215386013730268111e+00
-7.218261369877822631e+00
-7.205217850888869791e+00
-7.203205545368804863e+00
-7.194654460091819637e+00
-7.208277172714498526e+00
