-7.205989394844054097e+00
-7.213138188858367883e+00
-7.215871294045235196e+00
-7.208900314555175548e+00
-7.213379700762334146e+00
-7.203166156573254320e+00
-7.223989036358291038e+00
-7.192681270374069236e+00
-7.209265506348114805e+00
-7.203045890148032093e+00
-7.217718070344461445e+00
-7.205225016344755318e+00
-7.195095640447854990e+00
-7.202559768750688818e+00
-7.221369698751150423e+00
-7.223760251708475799e+00
-7.213654726792928962e+00
-7.273463835921352150e+00
-7.198176510575168052e+00
-7.209367995485482794e+00
-7.212635316774332672e+00
-7.213071072522173388e+00
-7.172464218182808438e+00
-7.253969695531188755e+00
-7.201543059681481118e+00
-7.214381347392643029e+00
-7.205112539067182631e+00
-7.238600144733926101e+00
-7.200028788118709500e+00
-7.212423372853193904e+00
-7.212575926618954192e+00
-7.192316249922131810e+00
-7.191982290033596570e+00
-7.198211125734882643e+00
-7.223990474549224494e+00
-7.195540595771180215e+00
-7.202420684687744767e+00
-7.220283818100397433e+00
-7.209787968408044811e+00
-7.226585296401117908e+00
-7.193753407591014337e+00
-7.193804460024966652e+00
-7.211667007048071731e+00
-7.217816552172732436e+00
-7.199207208402826019e+00
-7.199349147443300012e+00
-7.226186857166196909e+00
-7.208071728038421888e+00
-7.193576703322921873e+00
-7.186526455892545684e+00
-7.197194689236843246e+00
-7.243941490596959909e+00
-7.200897030735675663e+00
-7.197544029586818937e+00
-7.213509934646111788e+00
-7.210751550618562433e+00
-7.208790397275084416e+00
-7.195936924476396435e+00
-7.196512749554582200e+00
-7.203483797073162442e+00
-7.233550251128890274e+00
-7.227519442536745942e+00
-7.207439418528571728e+00
-7.203055510181308740e+00
-7.209259854202893614e+00
-7.198231672653044200e+00
-7.196344603440808285e+00
-7.213000388262400975e+00
-7.218217897618013801e+00
-7.206968287868924072e+00
-7.215201109617829900e+00
-7.214503820936647216e+00
-7.235694850237676334e+00
-7.202102101187592531e+00
-7.221299714497103395e+00
-7.182491534421676427e+00
-7.205696288244561210e+00
-7.215418482513487497e+00
-7.189222542445233621e+00
-7.196095552839672393e+00
-7.199516934617497199e+00
-7.194541686617053067e+00
-7.219844454426145752e+00
-7.232045566145436588e+00
-7.210071239112448183e+00
-7.203181578039345112e+00
-7.193737816728737577e+00
-7.202991765958400627e+00
-7.218420731717118066e+00
-7.202725896222951008e+00
-7.206727181454925635e+00
-7.241308963905350282e+00
-7.216054132456353187e+00
-7.190130350574008844e+00
-7.238990721724330335e+00
-7.234433042879324205e+00
-7.203707266303581491e+00
-7.213157258193279020e+00
-7.190277115279771536e+00
-7.189151538667887920e+00
-7.216641797507166167e+00
-7.215418172183404089e+00
-7.217084613609154431e+00
-7.234818405336951308e+00
-7.224632367666386834e+00
-7.211398616102284720e+00
-7.220152027610025947e+00
-7.211716076659628882e+00
-7.249043484129443549e+00
-7.199649745491607078e+00
-7.220476766556591208e+00
-7.209609312988258800e+00
-7.229453370811107504e+00
-7.241058310234440576e+00
-7.232483914456653729e+00
-7.222770287044005144e+00
-7.232236601839129975e+00
-7.165458853056433597e+00
-7.213510727448729121e+00
-7.219887587665772877e+00
-7.219140135649753098e+00
-7.222915662888719446e+00
-7.241455272813200672e+00
-7.214328187137180493e+00
-7.206559835822912596e+00
-7.200466659419297422e+00
-7.207340914561640055e+00
-7.228492745019691412e+00
-7.230298044665026680e+00
-7.210210584322705785e+00
-7.207170696429024304e+00
-7.211753221614053189e+00
-7.210695792600947840e+00
-7.190910255422050312e+00
-7.201730142425057934e+00
-7.193526989755034684e+00
-7.226560513486748327e+00
-7.219143000269196087e+00
-7.196462049890706147e+00
-7.236363756665110003e+00
-7.246899829528833159e+00
-7.210359744976341467e+00
-7.189663483978876002e+00
-7.209188509370492604e+00
-7.203089870286044416e+00
-7.212999558203364359e+00
-7.210401404671821446e+00
-7.199563898580405130e+00
-7.216064510873457571e+00
-7.210087194415518042e+00
-7.204905347769665624e+00
-7.201627204036797458e+00
-7.201231097570787831e+00
-7.209635554430174231e+00
-7.208961981164266675e+00
-7.200799735237009891e+00
-7.201006671566258177e+00
-7.207425996984920147e+00
-7.209956335189137810e+00
-7.249099830239222442e+00
-7.210629582713814045e+00
-7.226940013462814782e+00
-7.202551440344192812e+00
-7.196541250914942012e+00
-7.187640430755007692e+00
-7.200767551698686653e+00
-7.193603397105139408e+00
-7.296483473165287670e+00
-7.233719845776664492e+00
-7.216534526554347018e+00
-7.216628030746726985e+00
-7.204176172584235260e+00
-7.223528630036867071e+00
-7.200232941227810102e+00
-7.211874620864346497e+00
-7.205683040208290535e+00
-7.246002685439759006e+00
-7.211333866133309733e+00
-7.250717461903672501e+00
-7.198432719915390798e+00
-7.236733883767291431e+00
-7.205702594236286451e+00
-7.183569253327193316e+00
-7.205482803303623562e+00
-7.192347573787317039e+00
-7.207420818144385066e+00
-7.222161976063598665e+00
-7.208738336485973619e+00
-7.190134107272487363e+00
-7.201381913318460448e+00
-7.201062824430325193e+00
-7.223256512166227772e+00
-7.191199472035583184e+00
-7.234657425653953311e+00
-7.206111654403493105e+00
-7.193370984838578508e+00
-7.212172086202336629e+00
-7.260133000797220681e+00
-7.201965154353811016e+00
-7.244942996939108149e+00
-7.202771327027402748e+00
-7.208313967092349728e+00
-7.189708872463500988e+00
-7.195301439016490441e+00
-7.205207103465981255e+00
-7.206245661342472353e+00
-7.215935687058216530e+00
-7.190907838060025092e+00
-7.213947345878690243e+00
-7.221892687101902908e+00
-7.221735193999903046e+00
-7.205102266906382447e+00
-7.252278580262611740e+00
-7.208844763539293155e+00
-7.212770292751658374e+00
-7.249039284169313646e+00
-7.213396522663575894e+00
-7.224624035079179052e+00
-7.199795699542670846e+00
-7.238311002580552156e+00
-7.187257701723991588e+00
-7.235852325310997202e+00
-7.212364649897861746e+00
-7.225808425373357657e+00
-7.179590755854888151e+00
-7.200157651229853073e+00
-7.208079940544622310e+00
-7.188663532038039428e+00
-7.200568865052583867e+00
-7.194007181872232870e+00
-7.211114696922568790e+00
-7.215129026257896427e+00
-7.185296506112626602e+00
-7.200252644374773858e+00
-7.194210712921606188e+00
-7.198926118183003986e+00
-7.216843868923557892e+00
-7.230885222044354244e+00
-7.204794963669121088e+00
-7.225641758636664136e+00
-7.226515964736471176e+00
-7.165483373818535284e+00
-7.217611452551363271e+00
-7.236842563439844334e+00
-7.206251543168763263e+00
-7.196430201409569349e+00
-7.210330557472559576e+00
-7.227289255667551870e+00
-7.205111916993478083e+00
-7.211575693469490567e+00
-7.231036491423170176e+00
-7.208549306069100382e+00
-7.212035969233046018e+00
-7.242616047298481519e+00
-7.195894962039088405e+00
-7.247376390189610440e+00
-7.191382812850540596e+00
-7.214663602228063688e+00
-7.207315981542243399e+00
-7.179862750919113523e+00
-7.209499361158885122e+00
-7.210616469049457855e+00
-7.201386499795910723e+00
-7.196323004007286528e+00
-7.228857293811876694e+00
-7.253624748875171946e+00
-7.192251394734126890e+00
-7.209625961062656962e+00
-7.197681264465917828e+00
-7.198438227475920215e+00
-7.222089542062918532e+00
-7.224384987045353590e+00
-7.202092850408337021e+00
-7.194457428407342370e+00
-7.237787324514474818e+00
-7.207119420668559151e+00
-7.227035096209428744e+00
-7.229328237572811844e+00
-7.195718603128113067e+00
-7.206695808528624347e+00
-7.193786298603273011e+00
-7.200001232690986797e+00
-7.188890238540973421e+00
-7.200755609736546603e+00
-7.205053120552964430e+00
-7.216620365899310663e+00
-7.195734446623015756e+00
-7.187906127226973751e+00
-7.226895298679089308e+00
-7.230338696623854311e+00
-7.195802186321961891e+00
-7.219814687942171183e+00
-7.207426709695350375e+00
-7.202514831347540891e+00
-7.201965458769653772e+00
-7.193568008283187432e+00
-7.190607865980005009e+00
-7.208845886630285804e+00
-7.214219858425722443e+00
-7.197165189891494563e+00
-7.248303439969835615e+00
-7.205733198920011517e+00
-7.218133960110618474e+00
-7.229900672466661682e+00
-7.229480806123860681e+00
-7.199807560123776540e+00
-7.203111014355484620e+00
-7.222155227808276123e+00
-7.222210365456145809e+00
-7.216178488361271626e+00
-7.210872319047949119e+00
-7.203232568228706612e+00
-7.196699584937789496e+00
-7.230020171355640457e+00
-7.225051928559497405e+00
-7.209089303162633300e+00
-7.224551494589057654e+00
-7.200776618207958890e+00
-7.228298022048315730e+00
-7.195883374939387345e+00
-7.190214402782592273e+00
-7.186065738966623151e+00
-7.239010421569620490e+00
-7.200882548700998420e+00
-7.202306372348204810e+00
-7.217352464191256090e+00
-7.206452928560899807e+00
-7.198449008308113406e+00
-7.231920621940990834e+00
-7.216158955216116055e+00
-7.214815410872784440e+00
-7.217872036312793504e+00
-7.216490287466911902e+00
-7.224452469912606922e+00
-7.196380893066027795e+00
-7.224407381231569225e+00
-7.229234634802543802e+00
-7.197712109043788331e+00
-7.235907884797168066e+00
-7.188815672172984783e+00
-7.215122558813117593e+00
-7.218797901577965526e+00
-7.236713628711267887e+00
-7.201837540990894126e+00
-7.217833488787405827e+00
-7.230284153622136500e+00
-7.192907200605892726e+00
-7.199740461895300037e+00
-7.197374442359375735e+00
-7.210815634753439340e+00
-7.214978726927531838e+00
-7.214137938447780840e+00
-7.211512890216318361e+00
-7.197803482176841072e+00
-7.227723085981225815e+00
-7.209544620344701116e+00
-7.203444986503723335e+00
-7.214678473156770799e+00
-7.227585722071851571e+00
-7.212412810862647738e+00
-7.223175936035187483e+00
-7.292774459850577706e+00
-7.203663040356702574e+00
-7.241915772601404733e+00
-7.246168781960361294e+00
-7.212409095046085739e+00
-7.207465366454103517e+00
-7.179747321786157599e+00
-7.235959223910310989e+00
-7.260572293902227692e+00
-7.192799359652487290e+00
-7.231944574272773707e+00
-7.237751991065840329e+00
-7.230011310309025774e+00
-7.215333751959561503e+00
-7.184909412802414685e+00
-7.200927333338835723e+00
-7.194024963543609985e+00
-7.218232398130620453e+00
-7.204416791296140765e+00
-7.201660783739241900e+00
-7.184594664284584375e+00
-7.222274105336601302e+00
-7.210332114692730165e+00
-7.215810248577302133e+00
-7.260129581170700952e+00
-7.196499399834393351e+00
-7.201621737373498533e+00
-7.187524115635694599e+00
-7.238239947649202755e+00
-7.215705074314193723e+00
-7.214825279101235722e+00
-7.201138358874691114e+00
-7.193197040452730562e+00
-7.217438142347026186e+00
-7.207931644792390458e+00
-7.214392576491300169e+00
-7.200693399791989080e+00
-7.227543801153601954e+00
-7.221158016169428429e+00
-7.190608184812093739e+00
-7.210988762093675675e+00
-7.207896134313096503e+00
-7.197691861696378979e+00
-7.220597956810788531e+00
-7.249836578087961669e+00
-7.207850437829828927e+00
-7.213776761457709519e+00
-7.221807564076011765e+00
-7.201647760996953807e+00
-7.205297751811694518e+00
-7.220487331237471551e+00
-7.209008570310210473e+00
-7.215694132160651364e+00
-7.184682830114333285e+00
-7.247020514782192002e+00
-7.204829827794108965e+00
-7.189997755554508707e+00
-7.213306719430923941e+00
-7.207340111946859196e+00
-7.185305748571235718e+00
-7.177816856866455097e+00
-7.216603230031339855e+00
-7.206177891437214100e+00
-7.190856145444119107e+00
-7.202426263714989396e+00
-7.207615211323155968e+00
-7.262825627659888816e+00
-7.218297957935044806e+00
-7.228062264758230882e+00
-7.201441404775136057e+00
-7.234085861526707184e+00
-7.236095242418960183e+00
-7.208193130838422391e+00
-7.202658850296415061e+00
-7.208283004920526871e+00
-7.204513526211702157e+00
-7.185398773858160837e+00
-7.232552927650151453e+00
-7.204569702594459280e+00
-7.196392323789913448e+00
-7.231827874435598602e+00
-7.192217011495525725e+00
-7.211063291268314579e+00
-7.265961109194630119e+00
-7.204646638339664122e+00
-7.225946355237410579e+00
-7.220605841859398133e+00
-7.219932161949183858e+00
-7.216180795035002760e+00
-7.219040852760255866e+00
-7.221995699620681108e+00
-7.207241753135043005e+00
-7.197969468614101807e+00
-7.233255116978193122e+00
-7.197060531762690339e+00
-7.196610628368662610e+00
-7.236960849088667658e+00
-7.202494631889667431e+00
-7.203376844992432915e+00
-7.214432897657236055e+00
-7.230851112616565324e+00
-7.220361153487006689e+00
-7.213753519438424355e+00
-7.213448255812880738e+00
-7.222377690249357940e+00
-7.184035890606297770e+00
-7.222380258776271766e+00
-7.200771156668858808e+00
-7.196251659471733397e+00
-7.183185083650589497e+00
-7.238412044409413326e+00
-7.215914251802543866e+00
-7.202057174521749872e+00
-7.234089531272277718e+00
-7.219422684564238857e+00
-7.194435893719032471e+00
-7.199460335996049842e+00
-7.227620237893830790e+00
-7.182378699388149101e+00
-7.199700525721611122e+00
-7.217896548263988521e+00
-7.208990120629133358e+00
-7.209351190372860430e+00
-7.218937981958120531e+00
-7.224118727550568053e+00
-7.204480806269352833e+00
-7.199542821288066108e+00
-7.239906712226343188e+00
-7.199833265841858676e+00
-7.208560628877837217e+00
-7.227422225349559248e+00
-7.249867504400527629e+00
-7.223198502310842706e+00
-7.205285963240856795e+00
-7.226991538881010868e+00
-7.240767255201842723e+00
-7.243914901238778015e+00
-7.176626555048530420e+00
-7.191475632646385563e+00
-7.197320323969940148e+00
-7.193789846112282227e+00
-7.217348100000484656e+00
-7.229741299461149850e+00
-7.210024442340696282e+00
-7.235103200379830568e+00
-7.200126263356207090e+00
-7.193202184352973205e+00
-7.200664283126362086e+00
-7.189084488968469522e+00
-7.192648056396663492e+00
-7.198594514908951858e+00
-7.204489029151961432e+00
-7.229843280415732210e+00
-7.208708444603548315e+00
-7.213798027256923540e+00
-7.193933186243367750e+00
-7.198316264241103823e+00
-7.199319292360955913e+00
-7.225019934824996604e+00
-7.228013668356716437e+00
-7.230384357953452579e+00
-7.218067837307695633e+00
-7.229064448742311910e+00
-7.229556709545824411e+00
-7.213021602653364894e+00
-7.223158661401436476e+00
-7.204624016382258134e+00
-7.239023006311383845e+00
-7.193056686829165436e+00
-7.193953525193825804e+00
-7.219051843430041693e+00
-7.197351645016530242e+00
-7.214696347838517987e+00
-7.210515071777249929e+00
-7.228721697285670267e+00
-7.222285829170521865e+00
-7.248983998831808329e+00
-7.229525489038137742e+00
-7.203306624775719591e+00
-7.235610386638347435e+00
-7.221708977048024281e+00
-7.204623251502164649e+00
-7.220738340132669464e+00
-7.192664886216354247e+00
-7.201701137245058781e+00
-7.220230795031737259e+00
-7.197983069434606307e+00
-7.186417017898973469e+00
-7.233787477682025902e+00
-7.225907107394117013e+00
-7.245555442525670742e+00
-7.219550418695914296e+00
-7.235423836728806180e+00
-7.190100425461269040e+00
-7.200871658869063552e+00
-7.207403344567953063e+00
-7.206089984596911080e+00
-7.225671646097072021e+00
-7.217125279790007397e+00
-7.214671691533061093e+00
-7.230303564302387187e+00
-7.211993059496106362e+00
-7.223000737332441190e+00
-7.223076204441172266e+00
-7.195914164552909220e+00
-7.227886859472256731e+00
-7.223808180177562654e+00
-7.232464857615981124e+00
-7.216008225082780392e+00
-7.216296239418434233e+00
-7.210328972092467481e+00
-7.210332841837409745e+00
-7.187761142017929039e+00
-7.183592844982023884e+00
-7.241366480835801589e+00
-7.197690010688389428e+00
-7.181712939322068223e+00
-7.212498897012914689e+00
-7.201462778402348164e+00
-7.227233494507860456e+00
-7.206575166688604206e+00
-7.213269444744134340e+00
-7.218853366787671533e+00
-7.196353822533297695e+00
-7.210199977446098529e+00
-7.194941195004959766e+00
-7.195023141235911801e+00
-7.186948273218695782e+00
-7.194947035397533774e+00
-7.230492280376855874e+00
-7.216656470611120255e+00
-7.219287265850629964e+00
-7.217378641276012807e+00
-7.209118025251759043e+00
-7.233591623450998043e+00
-7.215142148509972486e+00
-7.212462043011682589e+00
-7.191589001461144548e+00
-7.210753046487194062e+00
-7.274894271345916152e+00
-7.231283255965070822e+00
-7.202768926548201556e+00
-7.238524417174421188e+00
-7.209450318014797077e+00
-7.255110778041702346e+00
-7.237139696265056266e+00
-7.229230972299538927e+00
-7.237066735381793237e+00
-7.206066301976563615e+00
-7.197510369211350678e+00
-7.214783695387542828e+00
-7.220269407420968122e+00
-7.203123753223347414e+00
-7.187099953117442652e+00
-7.201800925817240184e+00
-7.221965164418111094e+00
-7.222106730119788764e+00
-7.222107646474348108e+00
-7.246760800200021002e+00
-7.208196664770628814e+00
-7.183519751434654488e+00
-7.207295837535778738e+00
-7.219080393144445829e+00
-7.215860079580566300e+00
-7.253978753738697272e+00
-7.225522230810144997e+00
-7.194328760736474315e+00
-7.220054974493403499e+00
-7.219714548316026104e+00
-7.222222162304659854e+00
-7.176779030347773869e+00
-7.231501331057494042e+00
-7.198017918348534216e+00
-7.252545968957069711e+00
-7.197544035812946106e+00
-7.235391149557305113e+00
-7.188309027344860880e+00
-7.195514134170727161e+00
-7.213678290449776043e+00
-7.213221155653860350e+00
-7.216674907853849241e+00
-7.215389780026312039e+00
-7.252399310155969836e+00
-7.204097940718271254e+00
-7.225643360837715079e+00
-7.214531838060364244e+00
-7.213929897065641583e+00
-7.214643973812236766e+00
-7.210009063037036370e+00
-7.205138298664489405e+00
-7.207568323989741010e+00
-7.198130905902149657e+00
-7.223878042404212607e+00
-7.205492568719869872e+00
-7.178387930578431941e+00
-7.205027245584724405e+00
-7.210934843938400896e+00
-7.228686012745920486e+00
-7.196163177863924787e+00
-7.222285754381037925e+00
-7.204442752987251453e+00
-7.205562871514824330e+00
-7.266932866523470480e+00
-7.193527573478509574e+00
-7.197660172871937156e+00
-7.213351075676160740e+00
-7.214522751941667700e+00
-7.216792337667717661e+00
-7.225400014050320507e+00
-7.204242951129382178e+00
-7.192803932916596921e+00
-7.212616779314961590e+00
-7.188776768105054060e+00
-7.212110405042989392e+00
-7.220348835982612457e+00
-7.205524198306705763e+00
-7.187946342683092738e+00
-7.207036165516079507e+00
-7.254941453364783577e+00
-7.188162995218275952e+00
-7.198366898634724009e+00
-7.191735378324709771e+00
-7.207684967464765613e+00
-7.226701264049118834e+00
-7.203904565716122477e+00
-7.211571544978995441e+00
-7.200946986395918792e+00
-7.210821982202647362e+00
-7.237177848554086523e+00
-7.212052098838720227e+00
-7.210932853253059882e+00
-7.211605772088117483e+00
-7.245248117549899725e+00
-7.230874801261144569e+00
-7.214362391303139610e+00
-7.184565029184512674e+00
-7.215849239058535147e+00
-7.189198509038989826e+00
-7.222271213834215331e+00
-7.228750260041158171e+00
-7.216966136205539506e+00
-7.213618628007980149e+00
-7.218553947682192273e+00
-7.192049638109050846e+00
-7.201311409622370263e+00
-7.216112796378675753e+00
-7.225750676562393338e+00
-7.274323107235622032e+00
-7.205470279696510438e+00
-7.209331192514659925e+00
-7.228073714253206994e+00
-7.217555315469946109e+00
-7.194776341043165324e+00
-7.195750257246682047e+00
-7.212545245908984270e+00
-7.200771130657548369e+00
-7.197512026139141206e+00
-7.235204559616259523e+00
-7.204011710101643651e+00
-7.196528624436218990e+00
