-7.231962530606097062e+00
-7.211245772648646302e+00
-7.204445688099652578e+00
-7.220042661680800222e+00
-7.175769518940734670e+00
-7.186989989209125795e+00
-7.212095715995634038e+00
-7.230631037593568067e+00
-7.209223177159413076e+00
-7.193798450567677527e+00
-7.197139640350314060e+00
-7.252326014684937761e+00
-7.182451283221068294e+00
-7.179501051206176321e+00
-7.191146733660491286e+00
-7.178903416665914250e+00
-7.243800327598647115e+00
-7.202278518282869690e+00
-7.211245946798261031e+00
-7.208862372053390644e+00
-7.222222755672330408e+00
-7.180887777987998710e+00
-7.221246048072224255e+00
-7.231647788390445974e+00
-7.195306619786919100e+00
-7.223256763276875603e+00
-7.175885944093413293e+00
-7.232978706093747157e+00
-7.213724388958554279e+00
-7.188603094068930943e+00
-7.190814484934308304e+00
-7.208587198471136048e+00
-7.197469448207693965e+00
-7.193523233965974484e+00
-7.191883575491585745e+00
-7.188526715929186572e+00
-7.193378609520618028e+00
-7.189154886206376105e+00
-7.230845221847828519e+00
-7.234378591939685244e+00
-7.213370404249791257e+00
-7.227114757520236132e+00
-7.227336715842967330e+00
-7.196230080740209090e+00
-7.220107411932294106e+00
-7.188875477155971971e+00
-7.194057544149744743e+00
-7.219791537787756397e+00
-7.223039846467631975e+00
-7.207938032483606428e+00
-7.213687216010658432e+00
-7.222882229796749876e+00
-7.200489067974864987e+00
-7.183908339508925600e+00
-7.195233213667304284e+00
-7.213312427734566157e+00
-7.176689530315654153e+00
-7.211263449443527485e+00
-7.209378762458420908e+00
-7.209649295752547538e+00
-7.209824104197772421e+00
-7.200974496277741999e+00
-7.185510222100752742e+00
-7.211397241573861194e+00
-7.183955355087824124e+00
-7.179052617279119808e+00
-7.226097270984363163e+00
-7.209043221350225572e+00
-7.193209759537121606e+00
-7.193777133876850804e+00
-7.204579692304558414e+00
-7.218423775169792833e+00
-7.206296319658520133e+00
-7.240341497192540388e+00
-7.198333368014851352e+00
-7.198966476613027687e+00
-7.197813040821378294e+00
-7.181713068065720407e+00
-7.189068062313909380e+00
-7.181553689392392137e+00
-7.251099653379591281e+00
-7.180811153789085743e+00
-7.185182344559410517e+00
-7.188089525493710497e+00
-7.195568965691413688e+00
-7.208830948229896229e+00
-7.210793607093493485e+00
-7.207913408255614662e+00
-7.210206495145243366e+00
-7.246456444935482466e+00
-7.246404495496369336e+00
-7.202404615417092870e+00
-7.211255845170132517e+00
-7.234650820926286308e+00
-7.190113382382132379e+00
-7.225417439023635424e+00
-7.231323193655711634e+00
-7.177297839723420836e+00
-7.200246558458220036e+00
-7.239740602848058870e+00
-7.215078905210667415e+00
-7.194017761880652451e+00
-7.187161742043707946e+00
-7.192916977682381585e+00
-7.179008925668988184e+00
-7.200254848952259756e+00
-7.215310791194224471e+00
-7.193979831249444068e+00
-7.192297720785415294e+00
-7.193301494908115323e+00
-7.218717799081059816e+00
-7.250603209492950896e+00
-7.186453930971383741e+00
-7.184601741560613597e+00
-7.223686887310489801e+00
-7.185699368515141572e+00
-7.248510310089085529e+00
-7.238650280562098693e+00
-7.215203484696977476e+00
-7.314837986679404658e+00
-7.238221986626407478e+00
-7.207201700133953004e+00
-7.193140992740915785e+00
-7.223215467661199263e+00
-7.226218002880699487e+00
-7.221391531800704477e+00
-7.213199846010235561e+00
-7.225412742915619191e+00
-7.235757590410987206e+00
-7.205189420016205659e+00
-7.206732200972257196e+00
-7.237030683898128203e+00
-7.272128880505893456e+00
-7.215915927544798159e+00
-7.174781852315613939e+00
-7.228547648464031639e+00
-7.204605326121537701e+00
-7.211052215892935990e+00
-7.221948368212863123e+00
-7.218223456970955354e+00
-7.186707404014523348e+00
-7.208301474937366393e+00
-7.204244021847035384e+00
-7.206122446484790167e+00
-7.210753793942140888e+00
-7.211413859361510248e+00
-7.229055682535122429e+00
-7.268132020508490498e+00
-7.209313408607919804e+00
-7.214359919284644818e+00
-7.192004153791047294e+00
-7.194200513884132953e+00
-7.219856501343438815e+00
-7.204813102227855204e+00
-7.217856855033838670e+00
-7.223895959262001121e+00
-7.209984106419918604e+00
-7.212254773716609613e+00
-7.213278219580107731e+00
-7.225089109206036753e+00
-7.213724716966662953e+00
-7.215416619421082700e+00
-7.157761186062060688e+00
-7.182430974847735961e+00
-7.187514598285548395e+00
-7.248171520106688526e+00
-7.220860557215340592e+00
-7.195941515404190802e+00
-7.213751438374040426e+00
-7.215464924102412247e+00
-7.229443644413967363e+00
-7.221686118981833324e+00
-7.194585820824747735e+00
-7.211393522837407311e+00
-7.233785313868863476e+00
-7.208992855488702389e+00
-7.224202835523431787e+00
-7.201601685952963017e+00
-7.254697240169530659e+00
-7.173931395882600093e+00
-7.220134509766239717e+00
-7.188441783987605582e+00
-7.197774431417682806e+00
-7.208017882633021678e+00
-7.236553079485322115e+00
-7.167406574922817519e+00
-7.214664507814456229e+00
-7.201588323203625741e+00
-7.196870046316549363e+00
-7.201043806694654492e+00
-7.199368202120626670e+00
-7.185268292847291072e+00
-7.266042430160883470e+00
-7.222664456860404592e+00
-7.211412871144241343e+00
-7.240638146277028397e+00
-7.204967460485280917e+00
-7.249229882988090345e+00
-7.236847717013503711e+00
-7.195111242497000070e+00
-7.197547521621596722e+00
-7.205488951707877732e+00
-7.202898247473387805e+00
-7.210569441154991210e+00
-7.193554342161005088e+00
-7.217859607270846745e+00
-7.259122759140875125e+00
-7.222135751562991146e+00
-7.187618956983229168e+00
-7.190549939731869067e+00
-7.190935784135815467e+00
-7.193685379505324384e+00
-7.191548470804529636e+00
-7.201845751445826060e+00
-7.200726412327060899e+00
-7.221302531604568031e+00
-7.206611479221902705e+00
-7.233206922959513285e+00
-7.212579103687409621e+00
-7.190049744721315861e+00
-7.222468697190621789e+00
-7.198896392570508063e+00
-7.205118726826865938e+00
-7.227252945199725609e+00
-7.237278700131319908e+00
-7.214541993497260108e+00
-7.237870449194348410e+00
-7.208870791420433299e+00
-7.184192069969716599e+00
-7.177482383978438740e+00
-7.189659854053525478e+00
-7.211897928547561065e+00
-7.211925119118539840e+00
-7.222928359933357356e+00
-7.194728070109654539e+00
-7.232010267809382498e+00
-7.183091003529053609e+00
-7.194864820549311979e+00
-7.203083720560293557e+00
-7.222003322201739905e+00
-7.221049746733779529e+00
-7.216090099681818693e+00
-7.196829903071167323e+00
-7.211286024740818590e+00
-7.223322651012781925e+00
-7.225216397599516505e+00
-7.217544324461415250e+00
-7.217553664727295981e+00
-7.195182373368226081e+00
-7.219443520855694629e+00
-7.207219678463698820e+00
-7.190861986804810257e+00
-7.180686230977965323e+00
-7.199968087840759701e+00
-7.203388612875817998e+00
-7.208957492569465941e+00
-7.213188000816020740e+00
-7.197530940350182149e+00
-7.244359052089731854e+00
-7.228604542504053931e+00
-7.209131359740560185e+00
-7.184907275267661930e+00
-7.236232899354992476e+00
-7.220708869030101340e+00
-7.209163476175787011e+00
-7.224673178225261339e+00
-7.236407244288550977e+00
-7.240608956941897212e+00
-7.213523582694274516e+00
-7.188663180331065661e+00
-7.194995635952870394e+00
-7.176681899050974422e+00
-7.222608743632698669e+00
-7.208001337277671006e+00
-7.207383348920269661e+00
-7.233805002692831110e+00
-7.208507015878423907e+00
-7.180533977414651936e+00
-7.191771106213098008e+00
-7.204369463920176742e+00
-7.209090322431094933e+00
-7.190999881280156991e+00
-7.190171619655366442e+00
-7.212310754054389150e+00
-7.203386847986227970e+00
-7.186996739558367153e+00
-7.190229609368790520e+00
-7.188061723103554179e+00
-7.182253623725037173e+00
-7.216473361130383957e+00
-7.187723200444517069e+00
-7.240667903770105163e+00
-7.168223604815787020e+00
-7.183770691952455323e+00
-7.180735511825250939e+00
-7.207082978492381109e+00
-7.192916564773292443e+00
-7.176832505384595606e+00
-7.222743003875220502e+00
-7.215257868042068701e+00
-7.200658523274123368e+00
-7.193240293867077639e+00
-7.236349120277093760e+00
-7.184594825234491999e+00
-7.200276292035360015e+00
-7.203934418748044521e+00
-7.196616730691463459e+00
-7.278455116685071502e+00
-7.204394014166620508e+00
-7.202353951483060790e+00
-7.202477876265475309e+00
-7.203987103290065086e+00
-7.206276205109142907e+00
-7.201290985634821062e+00
-7.181674180396142582e+00
-7.206983979192141732e+00
-7.211718479517916336e+00
-7.204215500481412349e+00
-7.199607401855826261e+00
-7.214538966532163755e+00
-7.226461371078753970e+00
-7.219844010381578414e+00
-7.226848520032373990e+00
-7.188419077082725650e+00
-7.199204933326369904e+00
-7.252849717334537871e+00
-7.218458448523658255e+00
-7.258439835466120371e+00
-7.214525164524645540e+00
-7.218764709211971997e+00
-7.205030195225321066e+00
-7.186703442414761334e+00
-7.212939355019744703e+00
-7.218703661742116751e+00
-7.214551287734202845e+00
-7.167088085416023269e+00
-7.193646546008455545e+00
-7.216930487011974371e+00
-7.197747326959715863e+00
-7.199007029570620553e+00
-7.261140972733024945e+00
-7.194950034832459096e+00
-7.212105151065161479e+00
-7.218422894419637359e+00
-7.193917071102609917e+00
-7.176688930284426782e+00
-7.217590745401366803e+00
-7.232110834179460213e+00
-7.215864489895472467e+00
-7.223743613399376429e+00
-7.209186133605014035e+00
-7.195386010017620571e+00
-7.221082690257049741e+00
-7.192090272327640754e+00
-7.222761905299614149e+00
-7.202413448465465606e+00
-7.225654858484899634e+00
-7.175819673475341887e+00
-7.211914573179243781e+00
-7.188112957074658915e+00
-7.188794214792888049e+00
-7.195526371268493371e+00
-7.205577156666405081e+00
-7.178611544500049568e+00
-7.209127132647571656e+00
-7.218267082770500664e+00
-7.193324015179960895e+00
-7.212569090275258610e+00
-7.219110549600900484e+00
-7.224524158489274761e+00
-7.242423973729948727e+00
-7.193669854858113943e+00
-7.201939158876619729e+00
-7.176844584904636726e+00
-7.227922141381862176e+00
-7.196490324583026066e+00
-7.204459293427614597e+00
-7.224434325594370598e+00
-7.203897609095292864e+00
-7.239581408795889850e+00
-7.177249555162364736e+00
-7.232144645364683377e+00
-7.228280506417885221e+00
-7.181298196609644968e+00
-7.199408412148486036e+00
-7.215290089016371589e+00
-7.242655817112369832e+00
-7.201346951378152283e+00
-7.231188581867039389e+00
-7.187825037913879278e+00
-7.188457868063827583e+00
-7.225787086435906836e+00
-7.238246039952192845e+00
-7.212858798282964834e+00
-7.192273389893988345e+00
-7.207727080886340509e+00
-7.197670856938878536e+00
-7.239921348782813126e+00
-7.189469272407635891e+00
-7.229261168096573265e+00
-7.196645330601195489e+00
-7.223034050512330495e+00
-7.189523895846286372e+00
-7.207230599458928744e+00
-7.219253265173524170e+00
-7.192743113033682967e+00
-7.197117386812546869e+00
-7.198403664041465255e+00
-7.228748477806073325e+00
-7.201909962385451891e+00
-7.235937186208343697e+00
-7.220954695713669658e+00
-7.184559130579435404e+00
-7.190246409595421717e+00
-7.225696707209242398e+00
-7.179636759179534700e+00
-7.206330109250593807e+00
-7.176611696388480510e+00
-7.241264027809371839e+00
-7.207503322588232564e+00
-7.230529409899024706e+00
-7.236131754091566393e+00
-7.191643691525197113e+00
-7.182759730702429124e+00
-7.194361497675311412e+00
-7.208989521149215207e+00
-7.187618888444817777e+00
-7.181710522602275049e+00
-7.196920421481586949e+00
-7.239112966175897057e+00
-7.211739178000009964e+00
-7.245514265306338686e+00
-7.195972874900692595e+00
-7.200655590356707769e+00
-7.206033973583183538e+00
-7.193630230369402412e+00
-7.227827776292163442e+00
-7.206262312227837974e+00
-7.200595332902799406e+00
-7.188900944255187220e+00
-7.239146096177822010e+00
-7.210070496133355711e+00
-7.227685767040025411e+00
-7.238572608381915074e+00
-7.210488075363974403e+00
-7.209849755840172847e+00
-7.293244448342066200e+00
-7.212497994718703787e+00
-7.208269766560939651e+00
-7.213252376774235586e+00
-7.232665430860494737e+00
-7.241423944573970317e+00
-7.165833295990594820e+00
-7.206070870940830986e+00
-7.228443587367051393e+00
-7.212596183269864625e+00
-7.232104630451317462e+00
-7.206890585901730262e+00
-7.212947936468255605e+00
-7.182583769190886258e+00
-7.178273675248641794e+00
-7.200312787603220244e+00
-7.217847703672854998e+00
-7.198596086880526990e+00
-7.221395879200083634e+00
-7.205503800809316850e+00
-7.201685412386918728e+00
-7.192565675356537902e+00
-7.194975377625695501e+00
-7.202361831360319044e+00
-7.231996049923949954e+00
-7.211607149253548954e+00
-7.222642489713337000e+00
-7.196984500755175596e+00
-7.185560502735862443e+00
-7.200301881603459186e+00
-7.220795442275502296e+00
-7.210803213938303813e+00
-7.214368719166209587e+00
-7.220586255466403536e+00
-7.231701183894140961e+00
-7.225559707791656017e+00
-7.195678789084958282e+00
-7.222123170838652406e+00
-7.202862108691055809e+00
-7.193818121583823277e+00
-7.210586931683205414e+00
-7.220798950498131141e+00
-7.172030624165658175e+00
-7.254130106389258259e+00
-7.224635208941377229e+00
-7.206270453350223981e+00
-7.199038274336285070e+00
-7.199285001135238282e+00
-7.206799714538152379e+00
-7.226681406731785273e+00
-7.197723892421191927e+00
-7.249628832041772775e+00
-7.184611523845015668e+00
-7.204899817032131004e+00
-7.223413217861162750e+00
-7.243787445545169845e+00
-7.214784362846507371e+00
-7.205263621029659227e+00
-7.203168691763866427e+00
-7.191763687638932367e+00
-7.253988997455556031e+00
-7.174263641801497116e+00
-7.188994873954499099e+00
-7.177465357696004133e+00
-7.204860734774734432e+00
-7.203422117761765442e+00
-7.209030156421680324e+00
-7.225300117549556589e+00
-7.204201798147611413e+00
-7.233813229341853557e+00
-7.235967572482689292e+00
-7.234854981985520794e+00
-7.226966872154704014e+00
-7.227617591109217976e+00
-7.194378038589142932e+00
-7.260572534818066082e+00
-7.267168839723037621e+00
-7.214557733647469995e+00
-7.206612014537904010e+00
-7.182440715104942086e+00
-7.226333143019009420e+00
-7.187941080116054593e+00
-7.202417548093284161e+00
-7.240656911534527396e+00
-7.202931272983754241e+00
-7.238382685420877038e+00
-7.182992297653283842e+00
-7.223568239493417309e+00
-7.229626244522875389e+00
-7.188288074088382551e+00
-7.177763112561178716e+00
-7.194923903900242834e+00
-7.219874105783528506e+00
-7.190444171133622220e+00
-7.204993256601063933e+00
-7.234114634288246748e+00
-7.245747298940915293e+00
-7.238633705363877624e+00
-7.229168658605091835e+00
-7.199937850340864642e+00
-7.196379674692379602e+00
-7.222560234270055446e+00
-7.192591517536567558e+00
-7.210374948953617746e+00
-7.207299951865540955e+00
-7.219073254549700280e+00
-7.202253285284873741e+00
-7.198494235305104461e+00
-7.229453675296475090e+00
-7.225791153466472494e+00
-7.174207886846577509e+00
-7.217522236952397030e+00
-7.199891239904292917e+00
-7.212660946515159210e+00
-7.181369672735509191e+00
-7.249067930761852629e+00
-7.189838406909891511e+00
-7.232849415351934930e+00
-7.212649614758579020e+00
-7.223344236966471321e+00
-7.195166948633569426e+00
-7.197302754505156663e+00
-7.190931166087505488e+00
-7.188083707144181211e+00
-7.198912429428675708e+00
-7.229363476995515292e+00
-7.201309336293556740e+00
-7.182742272222766289e+00
-7.179319908991768528e+00
-7.206596495009783609e+00
-7.197737679530378685e+00
-7.197305171500717691e+00
-7.192314019904546996e+00
-7.193798906252833802e+00
-7.211572687922651603e+00
-7.187869299684649604e+00
-7.231218896363913018e+00
-7.192728035075178106e+00
-7.214664744919640604e+00
-7.229940780589287463e+00
-7.230329218243450207e+00
-7.179598538000778518e+00
-7.210604391859614992e+00
-7.199606905894712305e+00
-7.254538225850490463e+00
-7.233898428649726320e+00
-7.192676160887284453e+00
-7.217978592478078603e+00
-7.230400205668768621e+00
-7.207268321649346277e+00
-7.199461619948696267e+00
-7.179797801556015990e+00
-7.216659754926005199e+00
-7.228932751585286809e+00
-7.205824850350860622e+00
-7.268788845517404340e+00
-7.209240330099025762e+00
-7.198185450752482062e+00
-7.211493515979185531e+00
-7.200067015659325165e+00
-7.198493032784285539e+00
-7.197037140391072008e+00
-7.193624306422232273e+00
-7.183157429600043997e+00
-7.218339251100412746e+00
-7.208046895120591380e+00
-7.244549522322513369e+00
-7.222722837912693095e+00
-7.206105388564305159e+00
-7.216865237434847202e+00
-7.177694158583838302e+00
-7.204504972431874599e+00
-7.233777143010333255e+00
-7.224618929690659108e+00
-7.191864110899641283e+00
-7.197748611033460087e+00
-7.179798787734156917e+00
-7.251726160600728832e+00
-7.201350421571137694e+00
-7.182135478715154342e+00
-7.193067683898295428e+00
-7.212661691130226593e+00
-7.209782564657004400e+00
-7.208101202303899058e+00
-7.233898715491402953e+00
-7.192058760854393995e+00
-7.237209560930432772e+00
-7.191178507216773319e+00
-7.235734691676068309e+00
-7.202661222792258400e+00
-7.186109693299024492e+00
-7.252302836029008937e+00
-7.186940035707269026e+00
-7.217901808156726773e+00
-7.225830134893138634e+00
-7.190159087408654948e+00
-7.184657192724849928e+00
-7.247517684882469169e+00
-7.209937237299802071e+00
-7.210117523593796207e+00
-7.206498959856056707e+00
-7.204407046582583796e+00
-7.237653494458099246e+00
-7.197442308376869491e+00
-7.170366106284748575e+00
-7.217465816625352915e+00
-7.206714432364044853e+00
-7.203171628240118807e+00
-7.224802975729546439e+00
-7.189331327962928064e+00
-7.299149163247899530e+00
-7.207247776394671845e+00
-7.176215341044014373e+00
-7.207695473640496786e+00
-7.211474526004839625e+00
-7.201395493996337827e+00
-7.209512030762040169e+00
-7.214817912475044892e+00
-7.196915539502877657e+00
-7.239626531628876371e+00
-7.251312929205131041e+00
-7.201442955165011206e+00
-7.211218616486661404e+00
-7.223116460471178613e+00
-7.206518605941933941e+00
-7.230351503699070648e+00
-7.199734889677992911e+00
-7.207635846700398474e+00
-7.197838060657849368e+00
-7.212577657756462202e+00
-7.210559763472489614e+00
-7.210011413095959831e+00
-7.211614361320070721e+00
-7.205364765909948233e+00
-7.235842824429926878e+00
-7.194846271766325074e+00
-7.208009286507119917e+00
-7.212691206764527685e+00
-7.204460537113145158e+00
-7.213792323506596382e+00
-7.181803236722696049e+00
-7.202397705699219443e+00
-7.237602583269753254e+00
-7.239542524766255482e+00
-7.240819458515843188e+00
-7.215047906150886092e+00
-7.196198859830261974e+00
-7.222970471277481153e+00
-7.197694728850177803e+00
-7.193290533710561263e+00
-7.249978687884347295e+00
-7.190503377209480185e+00
-7.220540382996096795e+00
-7.191386441511419925e+00
-7.164403369448240078e+00
-7.237219704561037581e+00
-7.201647668652671364e+00
-7.196836393751491201e+00
-7.211600487078413835e+00
-7.210599397907657249e+00
-7.250860748950804791e+00
-7.180279460981396689e+00
-7.287062864090867009e+00
-7.239512916344007287e+00
-7.189923524793348619e+00
-7.231019167334680198e+00
-7.182964785505146388e+00
-7.188588496316688392e+00
-7.280529283906464144e+00
-7.231578568885851155e+00
-7.185735182332777526e+00
-7.172420852563947236e+00
-7.199626985081383879e+00
-7.217421121712632726e+00
-7.182361811156233955e+00
