F vs T	p vs T
-8.543031820255237	"[0.00268097 0.00268097 0.00268097 0.00268097 0.00268097 0.00268097
 0.00268097 0.00268097 0.00268097 0.00268097 0.00268097 0.00268097
 0.00268097 0.00268097 0.00268097 0.00268097 0.00268097 0.00268097
 0.00268097 0.00268097 0.00268097 0.00268097 0.00268097 0.00268097
 0.00268097 0.00268097 0.00268097 0.00268097 0.00268097 0.00268097
 0.00268097 0.00268097 0.00268097 0.00268097 0.00268097 0.00268097
 0.00268097 0.00268097 0.00268097 0.00268097 0.00268097 0.00268097
 0.00268097 0.00268097 0.00268097 0.00268097 0.00268097 0.00268097
 0.00268097 0.00268097 0.00268097 0.00268097 0.00268097 0.00268097
 0.00268097 0.00268097 0.00268097 0.00268097 0.00268097 0.00268097
 0.00268097 0.00268097 0.00268097 0.00268097 0.00268097 0.00268097
 0.00268097 0.00268097 0.00268097 0.00268097 0.00268097 0.00268097
 0.00268097 0.00268097 0.00268097 0.00268097 0.00268097 0.00268097
 0.00268097 0.00268097 0.00268097 0.00268097 0.00268097 0.00268097
 0.00268097 0.00268097 0.00268097 0.00268097 0.00268097 0.00268097
 0.00268097 0.00268097 0.00268097 0.00268097 0.00268097 0.00268097
 0.00268097 0.00268097 0.00268097 0.00268097 0.00268097 0.00268097
 0.00268097 0.00268097 0.00268097 0.00268097 0.00268097 0.00268097
 0.00268097 0.00268097 0.00268097 0.00268097 0.00268097 0.00268097
 0.00268097 0.00268097 0.00268097 0.00268097 0.00268097 0.00268097
 0.00268097 0.00268097 0.00268097 0.00268097 0.00268097 0.00268097
 0.00268097 0.00268097 0.00268097 0.00268097 0.00268097 0.00268097
 0.00268097 0.00268097 0.00268097 0.00268097 0.00268097 0.00268097
 0.00268097 0.00268097 0.00268097 0.00268097 0.00268097 0.00268097
 0.00268097 0.00268097 0.00268097 0.00268097 0.00268097 0.00268097
 0.00268097 0.00268097 0.00268097 0.00268097 0.00268097 0.00268097
 0.00268097 0.00268097 0.00268097 0.00268097 0.00268097 0.00268097
 0.00268097 0.00268097 0.00268097 0.00268097 0.00268097 0.00268097
 0.00268097 0.00268097 0.00268097 0.00268097 0.00268097 0.00268097
 0.00268097 0.00268097 0.00268097 0.00268097 0.00268097 0.00268097
 0.00268097 0.00268097 0.00268097 0.00268097 0.00268097 0.00268097
 0.00268097 0.00268097 0.00268097 0.00268097 0.00268097 0.00268097
 0.00268097 0.00268097 0.00268097 0.00268097 0.00268097 0.00268097
 0.00268097 0.00268097 0.00268097 0.00268097 0.00268097 0.00268097
 0.00268097 0.00268097 0.00268097 0.00268097 0.00268097 0.00268097
 0.00268097 0.00268097 0.00268097 0.00268097 0.00268097 0.00268097
 0.00268097 0.00268097 0.00268097 0.00268097 0.00268097 0.00268097
 0.00268097 0.00268097 0.00268097 0.00268097 0.00268097 0.00268097
 0.00268097 0.00268097 0.00268097 0.00268097 0.00268097 0.00268097
 0.00268097 0.00268097 0.00268097 0.00268097 0.00268097 0.00268097
 0.00268097 0.00268097 0.00268097 0.00268097 0.00268097 0.00268097
 0.00268097 0.00268097 0.00268097 0.00268097 0.00268097 0.00268097
 0.00268097 0.00268097 0.00268097 0.00268097 0.00268097 0.00268097
 0.00268097 0.00268097 0.00268097 0.00268097 0.00268097 0.00268097
 0.00268097 0.00268097 0.00268097 0.00268097 0.00268097 0.00268097
 0.00268097 0.00268097 0.00268097 0.00268097 0.00268097 0.00268097
 0.00268097 0.00268097 0.00268097 0.00268097 0.00268097 0.00268097
 0.00268097 0.00268097 0.00268097 0.00268097 0.00268097 0.00268097
 0.00268097 0.00268097 0.00268097 0.00268097 0.00268097 0.00268097
 0.00268097 0.00268097 0.00268097 0.00268097 0.00268097 0.00268097
 0.00268097 0.00268097 0.00268097 0.00268097 0.00268097 0.00268097
 0.00268097 0.00268097 0.00268097 0.00268097 0.00268097 0.00268097
 0.00268097 0.00268097 0.00268097 0.00268097 0.00268097 0.00268097
 0.00268097 0.00268097 0.00268097 0.00268097 0.00268097 0.00268097
 0.00268097 0.00268097 0.00268097 0.00268097 0.00268097 0.00268097
 0.00268097 0.00268097 0.00268097 0.00268097 0.00268097 0.00268097
 0.00268097 0.00268097 0.00268097 0.00268097 0.00268097 0.00268097
 0.00268097 0.00268097 0.00268097 0.00268097 0.00268097 0.00268097
 0.00268097 0.00268097 0.00268097 0.00268097 0.00268097 0.00268097
 0.00268097 0.00268097 0.00268097 0.00268097 0.00268097 0.00268097
 0.00268097 0.00268097 0.00268097 0.00268097 0.00268097 0.00268097
 0.00268097 0.00268097 0.00268097 0.00268097 0.00268097 0.00268097
 0.00268097]"
-7.688733054958902	"[0.00268333 0.00268083 0.00268208 0.00269582 0.00268083 0.00268083
 0.00268208 0.00268083 0.00268458 0.00268083 0.00268083 0.00269832
 0.00268083 0.00268083 0.00268083 0.00268208 0.00268083 0.00268083
 0.00268083 0.00268333 0.00268083 0.00268333 0.00268083 0.00269832
 0.00268208 0.00269083 0.00268208 0.00268083 0.00268208 0.00268083
 0.00268083 0.00268083 0.00268083 0.00268208 0.00268083 0.00268083
 0.00268083 0.00268083 0.00268208 0.00268208 0.00268458 0.00269458
 0.00268083 0.00268083 0.00268083 0.00268333 0.00269957 0.00268083
 0.00268083 0.00268208 0.00268083 0.00268083 0.00268083 0.00268083
 0.00268083 0.00268083 0.00268083 0.00268708 0.00268083 0.00268208
 0.00268083 0.00268083 0.00268083 0.00268083 0.00268083 0.00268083
 0.00268083 0.00268083 0.00268208 0.00268958 0.00268708 0.00268083
 0.00268333 0.00268208 0.00267959 0.00267834 0.00267959 0.00267834
 0.00267834 0.00268083 0.00268083 0.00267959 0.00268083 0.00268083
 0.00268083 0.00268083 0.00268083 0.00267472 0.00267959 0.00267472
 0.00268083 0.00267584 0.00267959 0.00267472 0.00267472 0.00267709
 0.00267472 0.00267959 0.00267959 0.00268083 0.00267959 0.00268083
 0.00267959 0.00267959 0.00268083 0.00267959 0.00267959 0.00268083
 0.00267959 0.00268083 0.00268083 0.00268083 0.00267472 0.00267472
 0.00267959 0.00267472 0.00267472 0.00267709 0.00267472 0.00267709
 0.00267959 0.00267959 0.00267959 0.00267959 0.00267959 0.00267959
 0.00267959 0.00267959 0.00267959 0.00267959 0.00267959 0.00267959
 0.00268083 0.00267959 0.00267834 0.00267834 0.00268083 0.00268083
 0.00267472 0.00267472 0.00267472 0.00267709 0.00267959 0.00267472
 0.00267584 0.00268083 0.00268083 0.00267959 0.00267472 0.00267472
 0.00267709 0.00267959 0.00267959 0.00267959 0.00267959 0.00267959
 0.00267959 0.00268083 0.00268083 0.00268083 0.00268083 0.00268083
 0.00267959 0.00267959 0.00268083 0.00267959 0.00267959 0.00268083
 0.00267959 0.00267834 0.00267472 0.00267959 0.00267709 0.00267584
 0.00267959 0.00267959 0.00268083 0.00267709 0.00267959 0.00267472
 0.00267584 0.00267959 0.00267959 0.00268083 0.00267959 0.00267959
 0.00267834 0.00267959 0.00267959 0.00267959 0.00268208 0.00268208
 0.00268208 0.00268208 0.00268333 0.00268333 0.00268208 0.00268208
 0.00268333 0.00267959 0.00268083 0.00268083 0.00268208 0.00268083
 0.00268083 0.00268208 0.00268083 0.00268583 0.00268458 0.00268208
 0.00268458 0.00268708 0.00268333 0.00268458 0.00268333 0.00268458
 0.00268583 0.00268333 0.00268458 0.00268083 0.00268083 0.00268208
 0.00268333 0.00268458 0.00268208 0.00268458 0.00268458 0.00268333
 0.00268458 0.00268333 0.00267959 0.00268083 0.00268208 0.00268333
 0.00268083 0.00268208 0.00268083 0.00268083 0.00268083 0.00268458
 0.00268583 0.00268708 0.00268333 0.00268458 0.00268333 0.00268208
 0.00268583 0.00268583 0.00268333 0.00268208 0.00268583 0.00268333
 0.00268333 0.00268333 0.00268458 0.00268333 0.00268333 0.00268208
 0.00268208 0.00268208 0.00268208 0.00268208 0.00268208 0.00268208
 0.00268208 0.00268208 0.00268083 0.00268208 0.00268208 0.00268333
 0.00267959 0.00268458 0.00268458 0.00268333 0.00268708 0.00268208
 0.00268333 0.00268458 0.00268333 0.00268208 0.00268458 0.00268458
 0.00268333 0.00268208 0.00268083 0.00268208 0.00268458 0.00268333
 0.00268333 0.00268208 0.00267959 0.00268083 0.00268083 0.00268333
 0.00268208 0.00268333 0.00268458 0.00268208 0.00268333 0.00268208
 0.00267959 0.00267959 0.00267959 0.00267959 0.00267959 0.00267959
 0.00267959 0.00267959 0.00267959 0.00267959 0.00267959 0.00267959
 0.00267959 0.00267959 0.00267959 0.00267959 0.00267959 0.00267959
 0.00267959 0.00267959 0.00267959 0.00267959 0.00267959 0.00267959
 0.00267959 0.00267959 0.00267959 0.00267959 0.00267959 0.00267959
 0.00267959 0.00267959 0.00267959 0.00267959 0.00267959 0.00267959
 0.00267959 0.00267959 0.00267959 0.00267959 0.00267959 0.00267959
 0.00267959 0.00267959 0.00267959 0.00267959 0.00267959 0.00267959
 0.00267959 0.00267959 0.00267959 0.00267959 0.00267959 0.00267959
 0.00267959 0.00267959 0.00267959 0.00267959 0.00267959 0.00267959
 0.00267959 0.00267959 0.00267959 0.00267959 0.00267959 0.00267959
 0.00267959 0.00267959 0.00267959 0.00267959 0.00267959 0.00267959
 0.00267959]"
-6.834436655989028	"[0.0026861  0.00268093 0.00268335 0.0027149  0.00268093 0.00268093
 0.00268331 0.00268093 0.00268837 0.00268095 0.00268093 0.00272109
 0.00268098 0.00268093 0.00268093 0.00268344 0.00268093 0.00268093
 0.00268093 0.00268584 0.00268093 0.00268612 0.00268093 0.00272102
 0.00268333 0.00270372 0.00268344 0.00268093 0.00268373 0.00268093
 0.00268093 0.00268094 0.00268093 0.00268344 0.00268094 0.00268093
 0.00268095 0.00268094 0.00268354 0.00268344 0.00268854 0.00271242
 0.00268093 0.00268093 0.00268093 0.00268573 0.00272393 0.00268093
 0.00268093 0.00268332 0.00268093 0.00268093 0.00268093 0.00268094
 0.00268094 0.00268093 0.00268093 0.00269459 0.00268093 0.00268371
 0.00268093 0.00268093 0.00268093 0.00268093 0.00268093 0.00268093
 0.00268093 0.00268093 0.00268332 0.00270079 0.00269502 0.00268093
 0.00268616 0.00268332 0.00267835 0.00267581 0.00267835 0.00267581
 0.00267581 0.00268092 0.00268093 0.00267854 0.00268089 0.0026809
 0.00268087 0.00268091 0.00268086 0.00266259 0.00267849 0.00266259
 0.00268089 0.00266639 0.00267814 0.00266259 0.00266259 0.00267115
 0.00266259 0.00267855 0.00267855 0.00268096 0.00267854 0.00268095
 0.00267855 0.00267831 0.0026809  0.00267835 0.00267852 0.00268092
 0.00267831 0.00268089 0.00268089 0.00268089 0.00266259 0.00266259
 0.00267814 0.00266259 0.00266259 0.00267113 0.00266259 0.00267111
 0.00267855 0.00267855 0.00267842 0.00267842 0.00267842 0.00267842
 0.00267854 0.00267842 0.00267842 0.00267842 0.00267854 0.00267855
 0.0026809  0.00267835 0.00267581 0.00267577 0.00268092 0.00268093
 0.00266259 0.00266259 0.00266259 0.00267114 0.00267816 0.00266259
 0.00266651 0.00268089 0.00268089 0.00267815 0.00266259 0.00266259
 0.00267116 0.00267842 0.00267842 0.00267855 0.00267814 0.00267854
 0.00267855 0.00268081 0.00268092 0.00268091 0.00268091 0.0026809
 0.00267855 0.00267852 0.0026809  0.00267831 0.00267831 0.00268092
 0.00267853 0.00267576 0.00266259 0.00267816 0.00267095 0.00266652
 0.00267854 0.00267855 0.00268092 0.00267113 0.00267816 0.00266259
 0.0026665  0.00267855 0.00267854 0.00268091 0.00267855 0.00267854
 0.00267507 0.00267855 0.00267817 0.00267854 0.00268348 0.00268348
 0.00268348 0.00268347 0.00268598 0.00268598 0.00268347 0.00268347
 0.00268599 0.00267854 0.00268096 0.00268094 0.00268336 0.00268097
 0.00268097 0.00268338 0.00268093 0.00269204 0.00268916 0.00268368
 0.00268927 0.00269476 0.00268644 0.00268919 0.00268651 0.00268926
 0.00269205 0.00268644 0.00268919 0.002681   0.00268101 0.00268367
 0.00268649 0.00268917 0.00268368 0.00268928 0.00268906 0.00268645
 0.0026892  0.0026864  0.00267849 0.00268096 0.00268348 0.00268593
 0.00268096 0.00268348 0.00268102 0.00268101 0.00268103 0.00268924
 0.00269203 0.00269486 0.00268645 0.00268921 0.00268646 0.00268367
 0.00269182 0.00269192 0.00268642 0.00268368 0.00269205 0.00268649
 0.00268645 0.00268646 0.00268923 0.00268647 0.00268641 0.00268341
 0.00268341 0.00268341 0.00268341 0.00268341 0.00268341 0.00268341
 0.00268341 0.00268341 0.00268096 0.00268347 0.00268347 0.00268599
 0.00267855 0.0026892  0.00268925 0.00268642 0.00269474 0.00268366
 0.0026865  0.00268907 0.00268646 0.00268366 0.00268923 0.00268912
 0.00268641 0.00268365 0.00268102 0.00268367 0.00268922 0.00268641
 0.00268643 0.00268341 0.00267854 0.00268094 0.00268094 0.00268592
 0.00268366 0.0026865  0.00268908 0.00268365 0.00268641 0.00268365
 0.00267843 0.00267843 0.00267843 0.00267844 0.00267845 0.00267841
 0.00267844 0.0026785  0.00267853 0.00267848 0.0026782  0.00267818
 0.00267814 0.00267823 0.0026782  0.00267831 0.00267822 0.00267818
 0.00267827 0.00267817 0.00267823 0.00267822 0.00267819 0.00267826
 0.00267823 0.0026782  0.00267817 0.00267823 0.00267822 0.0026782
 0.00267826 0.00267836 0.0026783  0.00267822 0.00267822 0.00267826
 0.00267849 0.00267843 0.00267834 0.0026782  0.00267817 0.00267825
 0.00267815 0.00267822 0.00267823 0.00267821 0.00267818 0.0026782
 0.00267826 0.00267829 0.00267819 0.00267826 0.00267824 0.00267821
 0.00267822 0.00267825 0.00267848 0.00267848 0.00267848 0.00267849
 0.00267848 0.00267844 0.00267819 0.00267826 0.00267824 0.00267827
 0.00267821 0.00267821 0.00267833 0.00267825 0.00267831 0.00267825
 0.00267832]"
-5.980144133598535	"[0.00268989 0.00268157 0.00268522 0.0027449  0.00268157 0.00268157
 0.00268507 0.00268157 0.00269302 0.00268163 0.00268158 0.00275762
 0.00268176 0.00268157 0.00268157 0.00268545 0.00268157 0.00268157
 0.00268158 0.00268901 0.00268157 0.00268994 0.00268157 0.00275734
 0.00268516 0.00272448 0.00268545 0.00268157 0.00268671 0.00268157
 0.00268157 0.00268159 0.00268157 0.00268544 0.00268161 0.00268157
 0.00268164 0.0026816  0.00268581 0.00268544 0.00269358 0.00274117
 0.00268157 0.00268158 0.00268157 0.00268873 0.00276289 0.00268157
 0.00268157 0.00268511 0.00268158 0.00268157 0.00268158 0.00268161
 0.0026816  0.00268157 0.00268158 0.00270608 0.00268157 0.00268663
 0.00268157 0.00268158 0.00268157 0.00268157 0.00268157 0.00268157
 0.00268157 0.00268157 0.00268512 0.00271882 0.00270783 0.00268157
 0.00269004 0.00268512 0.00267742 0.00267034 0.00267745 0.00267034
 0.00267033 0.00268155 0.00268158 0.00267803 0.00268145 0.00268147
 0.00268141 0.00268153 0.00268138 0.00263329 0.00267785 0.00263329
 0.00268143 0.00265014 0.0026765  0.00264116 0.00263329 0.00265888
 0.00264156 0.00267804 0.00267804 0.0026817  0.00267803 0.00268166
 0.00267804 0.00267731 0.00268149 0.00267742 0.00267798 0.00268155
 0.00267731 0.00268142 0.00268142 0.00268142 0.00263329 0.00263329
 0.00267649 0.00263329 0.00263329 0.00265883 0.0026418  0.00265872
 0.00267804 0.00267804 0.00267771 0.00267771 0.00267771 0.00267771
 0.00267803 0.00267771 0.00267771 0.00267771 0.00267802 0.00267804
 0.00268151 0.00267745 0.00267033 0.00267023 0.00268155 0.00268157
 0.00264161 0.00263329 0.00263329 0.00265885 0.00267657 0.0026418
 0.0026505  0.00268143 0.00268143 0.00267652 0.00264133 0.00263329
 0.00265886 0.00267771 0.00267771 0.00267804 0.00267649 0.00267802
 0.00267804 0.00268124 0.00268156 0.00268152 0.00268153 0.0026815
 0.00267804 0.00267797 0.00268151 0.00267732 0.00267731 0.00268156
 0.002678   0.0026702  0.00263329 0.00267657 0.00265817 0.00265054
 0.00267803 0.00267804 0.00268155 0.00265882 0.00267657 0.00264175
 0.00265047 0.00267804 0.00267803 0.00268153 0.00267804 0.00267803
 0.00266708 0.00267804 0.0026766  0.00267802 0.00268562 0.00268561
 0.00268562 0.00268558 0.00268952 0.00268952 0.0026856  0.0026856
 0.00268953 0.00267803 0.00268166 0.00268161 0.00268524 0.00268169
 0.0026817  0.00268531 0.00268158 0.00270186 0.00269639 0.00268649
 0.00269684 0.00270663 0.0026916  0.00269655 0.00269187 0.00269681
 0.00270192 0.00269159 0.00269653 0.00268186 0.00268193 0.00268646
 0.0026918  0.0026964  0.00268649 0.00269688 0.00269605 0.00269162
 0.00269658 0.00269141 0.00267783 0.00268167 0.00268562 0.00268935
 0.00268167 0.00268562 0.00268194 0.00268189 0.00268199 0.00269675
 0.00270184 0.0027071  0.00269164 0.00269663 0.00269171 0.00268648
 0.00270102 0.00270139 0.00269156 0.00268651 0.00270192 0.0026918
 0.00269165 0.00269167 0.00269668 0.00269174 0.00269145 0.00268538
 0.00268537 0.00268537 0.00268537 0.00268537 0.00268537 0.00268537
 0.00268537 0.00268537 0.00268166 0.0026856  0.0026856  0.00268955
 0.00267804 0.00269662 0.0026968  0.00269156 0.00270658 0.00268643
 0.00269182 0.00269608 0.00269166 0.00268643 0.00269668 0.00269623
 0.00269145 0.0026864  0.00268194 0.00268648 0.00269668 0.00269152
 0.00269159 0.00268537 0.00267803 0.00268161 0.0026816  0.00268934
 0.00268643 0.00269184 0.00269611 0.0026864  0.00269147 0.0026864
 0.0026777  0.0026777  0.0026777  0.00267772 0.00267773 0.00267761
 0.00267771 0.0026779  0.00267799 0.00267785 0.0026767  0.00267662
 0.00267649 0.00267678 0.0026767  0.00267715 0.00267675 0.00267664
 0.002677   0.00267658 0.00267678 0.00267675 0.00267667 0.00267694
 0.00267678 0.00267668 0.00267658 0.00267678 0.00267676 0.00267668
 0.00267694 0.00267731 0.00267713 0.00267674 0.00267676 0.00267692
 0.00267786 0.00267769 0.00267725 0.00267668 0.0026766  0.00267685
 0.0026765  0.00267674 0.00267678 0.00267671 0.00267663 0.00267669
 0.0026769  0.00267708 0.00267665 0.00267689 0.00267682 0.00267672
 0.00267676 0.00267688 0.00267785 0.00267785 0.00267786 0.00267787
 0.00267786 0.00267771 0.00267666 0.00267689 0.00267682 0.00267702
 0.00267671 0.00267672 0.00267721 0.00267688 0.00267715 0.00267687
 0.0026772 ]"
-5.125860086563027	"[0.00269657 0.00267937 0.00268849 0.00280024 0.00267937 0.00267937
 0.00268866 0.00267937 0.00270631 0.00267934 0.00267937 0.00282119
 0.00267928 0.00267937 0.00267937 0.00268832 0.00267937 0.00267937
 0.00267937 0.00269755 0.00267937 0.00269653 0.00267937 0.00282107
 0.00268859 0.0027615  0.00268832 0.00267937 0.00268921 0.00267937
 0.00267937 0.00267937 0.00267937 0.00268832 0.00267935 0.00267937
 0.00267934 0.00267936 0.00268787 0.00268832 0.00270573 0.00279233
 0.00267937 0.00267937 0.00267937 0.00269783 0.00283063 0.00267937
 0.00267937 0.00268861 0.00267937 0.00267937 0.00267937 0.00267936
 0.00267936 0.00267937 0.00267937 0.00272816 0.00267937 0.00268913
 0.00267937 0.00267937 0.00267937 0.00267937 0.00267937 0.00267937
 0.00267937 0.00267937 0.0026886  0.00275066 0.00272986 0.00267937
 0.00269645 0.00268861 0.00267375 0.00267779 0.00267374 0.00267779
 0.00267779 0.0026794  0.00267938 0.00267312 0.00267951 0.00267948
 0.00267953 0.0026794  0.00267955 0.00258503 0.00267322 0.00258503
 0.00267936 0.0026509  0.00267247 0.00262805 0.00258503 0.0026641
 0.00263127 0.00267312 0.00267312 0.00267929 0.00267312 0.00267931
 0.00267312 0.00267388 0.00267948 0.00267375 0.00267314 0.0026794
 0.00267388 0.0026792  0.0026792  0.0026792  0.00258503 0.00260026
 0.00267248 0.00258503 0.00258503 0.00266402 0.00263255 0.00266304
 0.00267312 0.00267312 0.00267339 0.00267339 0.00267339 0.00267339
 0.00267312 0.00267339 0.00267339 0.00267339 0.00267313 0.00267312
 0.00267942 0.00267374 0.00267779 0.00267786 0.0026794  0.00267939
 0.00263097 0.00258503 0.00258503 0.00266405 0.00267257 0.00263256
 0.0026527  0.0026792  0.00267919 0.00267246 0.00262926 0.00260196
 0.00266332 0.00267339 0.00267339 0.00267312 0.00267248 0.00267313
 0.00267312 0.00267966 0.00267938 0.0026794  0.0026794  0.00267942
 0.00267312 0.00267315 0.00267942 0.00267387 0.00267387 0.00267938
 0.00267314 0.00267788 0.00258503 0.00267257 0.00266091 0.00265277
 0.00267312 0.00267312 0.0026794  0.00266399 0.00267257 0.00263233
 0.00265265 0.00267312 0.00267312 0.0026794  0.00267312 0.00267312
 0.00267265 0.00267312 0.00267255 0.00267312 0.00268808 0.00268809
 0.00268808 0.0026881  0.00269694 0.00269694 0.00268809 0.00268809
 0.00269693 0.00267311 0.00267927 0.00267935 0.00268849 0.00267925
 0.00267925 0.00268844 0.00267936 0.00271956 0.00270937 0.00268908
 0.0027099  0.00272888 0.00269885 0.00270949 0.00269995 0.00270992
 0.00271951 0.00269886 0.0027095  0.00267957 0.00267954 0.0026891
 0.00269999 0.00270936 0.00268908 0.00270988 0.00270928 0.00269884
 0.00270946 0.00269886 0.00267323 0.00267926 0.00268808 0.00269717
 0.00267926 0.00268808 0.0026797  0.00267972 0.00267967 0.0027097
 0.0027197  0.00272921 0.00269883 0.00270945 0.00269936 0.00268909
 0.00271936 0.00271911 0.00269933 0.00268913 0.00271965 0.00269978
 0.00269939 0.00269881 0.00270941 0.00269934 0.00269884 0.00268838
 0.00268839 0.00268839 0.00268839 0.00268839 0.00268839 0.00268839
 0.00268839 0.00268839 0.00267932 0.00268809 0.00268809 0.00269693
 0.0026731  0.00270989 0.00270978 0.00269945 0.00272916 0.00268905
 0.00269977 0.00270891 0.00269882 0.00268905 0.00270942 0.00270882
 0.00269884 0.002689   0.0026797  0.00268909 0.00270985 0.00269947
 0.00269943 0.00268839 0.00267311 0.00267936 0.00267936 0.00269717
 0.00268905 0.00269976 0.00270889 0.002689   0.00269883 0.002689
 0.00267345 0.00267345 0.00267345 0.00267344 0.00267344 0.00267363
 0.00267345 0.00267323 0.00267314 0.00267327 0.00267231 0.00267229
 0.00267236 0.00267274 0.00267224 0.00267289 0.00267228 0.00267234
 0.00267291 0.00267231 0.00267237 0.00267276 0.00267226 0.00267276
 0.00267227 0.00267232 0.00267231 0.00267237 0.00267275 0.00267225
 0.00267276 0.00267287 0.0026729  0.00267228 0.00267238 0.00267277
 0.00267327 0.00267346 0.00267274 0.00267225 0.0026723  0.00267259
 0.00267235 0.00267239 0.00267252 0.00267278 0.00267228 0.00267256
 0.00267278 0.00267286 0.00267227 0.00267257 0.00267261 0.0026724
 0.00267253 0.00267279 0.00267327 0.00267327 0.00267326 0.00267326
 0.00267326 0.00267345 0.00267226 0.00267246 0.0026725  0.00267289
 0.00267241 0.00267244 0.00267292 0.00267279 0.00267296 0.00267247
 0.00267293]"
-4.2715902071252145	"[0.00271475 0.0026741  0.00269277 0.00301145 0.00267411 0.00267411
 0.00269212 0.00267411 0.00273189 0.0026744  0.00267416 0.00308176
 0.00267501 0.00267411 0.00267411 0.0026935  0.00267411 0.00267411
 0.00267416 0.00271197 0.00267411 0.00271489 0.0026741  0.00307833
 0.00269265 0.0029022  0.0026935  0.00267411 0.00270121 0.00267411
 0.00267411 0.00267421 0.00267411 0.00269344 0.00267423 0.00267411
 0.00267442 0.00267421 0.00269465 0.00269344 0.00273362 0.00299152
 0.00267411 0.00267416 0.00267411 0.00271109 0.00310989 0.00267411
 0.00267411 0.00269244 0.00267416 0.00267411 0.00267416 0.00267427
 0.00267422 0.00267411 0.00267416 0.00280063 0.00267411 0.00269984
 0.00267411 0.00267416 0.00267411 0.00267411 0.00267411 0.00267411
 0.0026741  0.00267411 0.00269249 0.00286736 0.00281025 0.0026741
 0.00271517 0.00269248 0.00265948 0.00264887 0.00265956 0.00264887
 0.00264883 0.00267409 0.00267424 0.0026614  0.00267375 0.00267382
 0.00267363 0.00267402 0.00267356 0.00250023 0.00266055 0.00254775
 0.00267351 0.0025925  0.00265301 0.00258144 0.00249965 0.00262167
 0.00258312 0.00266146 0.00266146 0.00267492 0.0026614  0.00267471
 0.00266146 0.00265913 0.00267388 0.00265948 0.00266119 0.00267409
 0.00265914 0.00267359 0.00267317 0.00267319 0.00249871 0.00259113
 0.00265294 0.00254043 0.00249871 0.00262132 0.00258217 0.00262018
 0.00266146 0.00266146 0.0026604  0.0026604  0.0026604  0.0026604
 0.0026614  0.0026604  0.0026604  0.0026604  0.00266135 0.00266146
 0.00267395 0.00265956 0.00264883 0.00264865 0.00267408 0.00267419
 0.00258071 0.00250136 0.00249871 0.00262142 0.00265426 0.00258216
 0.00259786 0.00267372 0.00267365 0.00265308 0.00258116 0.00259062
 0.00262217 0.0026604  0.0026604  0.00266146 0.00265294 0.00266135
 0.00266146 0.0026732  0.00267415 0.00267397 0.00267402 0.00267389
 0.00266146 0.00266114 0.00267395 0.00265917 0.00265911 0.00267415
 0.00266129 0.0026486  0.0024994  0.00265427 0.00261702 0.00259817
 0.0026614  0.00266146 0.00267408 0.00262121 0.00265426 0.00258228
 0.00259724 0.00266146 0.0026614  0.00267402 0.00266146 0.0026614
 0.00263496 0.00266146 0.00265443 0.00266134 0.00269407 0.00269402
 0.00269408 0.00269393 0.0027136  0.00271361 0.00269398 0.00269399
 0.00271365 0.00266131 0.00267442 0.00267428 0.00269291 0.00267449
 0.00267454 0.00269311 0.00267416 0.00278185 0.00275215 0.00270001
 0.00275487 0.00280768 0.00272639 0.00275118 0.00272816 0.00275429
 0.00278213 0.00272632 0.0027511  0.00267534 0.00267576 0.0026998
 0.00272751 0.00275219 0.00269997 0.00275501 0.00274843 0.00272647
 0.00275135 0.00272409 0.00266026 0.00267443 0.00269408 0.00271307
 0.00267443 0.00269408 0.00267608 0.00267581 0.0026767  0.00275424
 0.00278181 0.00281006 0.00272656 0.00275193 0.00272675 0.00269987
 0.00277656 0.00277969 0.00272575 0.00270049 0.00278262 0.00272719
 0.00272656 0.00272672 0.00275218 0.0027273  0.00272427 0.00269329
 0.00269327 0.00269327 0.00269327 0.00269327 0.00269327 0.00269327
 0.00269327 0.00269327 0.00267441 0.00269399 0.00269399 0.00271371
 0.00266137 0.00275227 0.00275421 0.00272511 0.00280688 0.00269918
 0.00272725 0.00274847 0.00272664 0.00269918 0.00275217 0.0027495
 0.00272426 0.00269852 0.00267558 0.00269987 0.00275337 0.00272499
 0.00272566 0.00269327 0.00266129 0.00267427 0.00267422 0.00271304
 0.00269918 0.00272734 0.00274904 0.00269852 0.00272435 0.00269853
 0.00266034 0.00266032 0.00266033 0.00266043 0.00266047 0.00266002
 0.00266037 0.00266092 0.00266122 0.00266077 0.00265415 0.00265319
 0.00265223 0.00265451 0.00265472 0.00265684 0.00265472 0.00265346
 0.00265566 0.00265303 0.00265522 0.00265436 0.00265455 0.00265616
 0.0026553  0.0026541  0.00265304 0.00265523 0.00265443 0.00265463
 0.00265617 0.00265816 0.0026568  0.00265474 0.00265514 0.00265607
 0.00266083 0.00266026 0.00265716 0.00265401 0.00265327 0.00265547
 0.00265224 0.00265465 0.00265481 0.00265417 0.00265439 0.00265445
 0.002656   0.0026561  0.00265345 0.00265558 0.00265491 0.00265456
 0.00265472 0.00265591 0.00266084 0.00266084 0.00266085 0.0026609
 0.00266085 0.00266036 0.00265395 0.00265624 0.00265558 0.00265572
 0.0026545  0.00265475 0.00265766 0.00265592 0.00265736 0.00265575
 0.00265757]"
-3.417444098790329	"[0.00272141 0.00266902 0.00269164 0.00344201 0.00266902 0.00266902
 0.00269033 0.00266902 0.00274511 0.0026701  0.00266915 0.0036497
 0.00267287 0.00266902 0.00266902 0.00269328 0.00266902 0.00266902
 0.00266915 0.00271595 0.00266902 0.00272176 0.00266902 0.00364175
 0.00269173 0.00318999 0.00269328 0.00266902 0.00272598 0.00266902
 0.00266902 0.00266925 0.00266902 0.00269318 0.00266931 0.00266902
 0.00267032 0.00266927 0.0026957  0.00269318 0.00274754 0.0034181
 0.00266902 0.00266914 0.00266902 0.00271471 0.00372329 0.00266902
 0.00266902 0.00269091 0.00266914 0.00266902 0.00266914 0.00266937
 0.00266926 0.00266902 0.00266914 0.00292566 0.00266902 0.0027229
 0.00266902 0.00266914 0.00266902 0.00266902 0.00266902 0.00266902
 0.00266902 0.00266902 0.00269102 0.00310932 0.00296959 0.00266902
 0.00272243 0.00269101 0.00265024 0.00263745 0.00265043 0.00263744
 0.00263739 0.00266895 0.00266927 0.00265439 0.00266824 0.00266842
 0.00266794 0.00266883 0.00266782 0.00228439 0.00265065 0.0023349
 0.00266727 0.00247638 0.00262182 0.00241675 0.00228381 0.00253458
 0.0024321  0.00265451 0.00265451 0.00267171 0.0026544  0.00267079
 0.00265451 0.00264947 0.00266854 0.00265024 0.00265397 0.00266895
 0.00264948 0.00266654 0.00266571 0.0026662  0.00224321 0.00237908
 0.00262159 0.00232512 0.00216978 0.00253165 0.00243247 0.00252591
 0.00265451 0.00265451 0.00265215 0.00265215 0.00265215 0.00265215
 0.00265439 0.00265215 0.00265215 0.00265215 0.00265427 0.00265451
 0.00266864 0.00265043 0.00263739 0.00263705 0.00266895 0.00266918
 0.00242437 0.00228509 0.00216978 0.00253163 0.00262417 0.00243212
 0.00248923 0.00266687 0.00266676 0.00262211 0.00242228 0.00238701
 0.00253284 0.00265215 0.00265215 0.00265451 0.00262157 0.00265429
 0.00265451 0.00266694 0.00266908 0.0026687  0.00266882 0.00266853
 0.00265451 0.00265321 0.00266864 0.00264954 0.00264946 0.00266908
 0.00265417 0.0026369  0.00228295 0.00262421 0.0025129  0.00249284
 0.00265439 0.00265451 0.00266895 0.00253116 0.00262416 0.00243155
 0.00248824 0.00265451 0.00265439 0.00266882 0.00265451 0.00265439
 0.00255756 0.00265451 0.00262477 0.00265427 0.00269445 0.00269433
 0.00269446 0.00269414 0.00271888 0.00271893 0.00269426 0.00269427
 0.00271902 0.00265427 0.00266969 0.00266941 0.00269193 0.00266987
 0.00266995 0.00269242 0.00266915 0.00290163 0.00282972 0.00272185
 0.00284195 0.00295467 0.00277511 0.00283017 0.00278635 0.00284105
 0.00290348 0.00277487 0.00282983 0.0026742  0.00267583 0.00271998
 0.00278237 0.00283044 0.00272185 0.00284296 0.00281749 0.00277563
 0.00283114 0.00276722 0.00265044 0.00266975 0.00269446 0.00271779
 0.00266974 0.00269446 0.00267734 0.00267568 0.00267882 0.00284059
 0.00290246 0.00297398 0.00277816 0.00283603 0.00278133 0.0027212
 0.00287606 0.0028895  0.00277441 0.00272271 0.00290504 0.00278392
 0.00277822 0.0027789  0.00283741 0.00278246 0.00277014 0.00269282
 0.00269278 0.00269278 0.00269278 0.00269278 0.00269278 0.00269278
 0.00269278 0.00269278 0.0026697  0.00269427 0.00269427 0.00271915
 0.00265436 0.00283368 0.00284216 0.00277418 0.00295492 0.00271978
 0.00278417 0.00281837 0.00277868 0.00271985 0.00283726 0.00282525
 0.00277021 0.00271818 0.00267633 0.00272124 0.00283588 0.00277143
 0.00277531 0.00269278 0.0026542  0.0026694  0.00266927 0.00271774
 0.00271979 0.00278465 0.00281976 0.00271724 0.00277065 0.0027182
 0.0026521  0.00265205 0.00265209 0.00265229 0.00265237 0.00265148
 0.00265216 0.00265337 0.002654   0.00265301 0.0026244  0.00262163
 0.00261734 0.00262815 0.00262483 0.00263619 0.00262702 0.00262341
 0.00263093 0.00262127 0.00262831 0.00262766 0.00262444 0.00263369
 0.00262779 0.00262401 0.00262127 0.00262834 0.0026277  0.0026244
 0.00263348 0.00264032 0.00263577 0.00262701 0.00262809 0.00263323
 0.00265315 0.00265196 0.00263715 0.00262391 0.00262037 0.00263023
 0.00261734 0.00262573 0.00262713 0.00262472 0.00262163 0.00262363
 0.00263172 0.002633   0.00262297 0.00263184 0.00262918 0.0026252
 0.00262664 0.00263118 0.00265313 0.00265313 0.00265316 0.00265328
 0.00265316 0.00265215 0.00262373 0.00263217 0.00262926 0.00263113
 0.00262526 0.00262593 0.0026382  0.00263127 0.00263568 0.00263134
 0.00263775]"
-10.499999642810309	"[1.18434782e-10 1.10908645e-10 1.23018700e-10 3.27249472e-10
 1.10866359e-10 1.10860240e-10 1.23133063e-10 1.10848431e-10
 1.14170361e-10 1.11213232e-10 1.10902233e-10 1.63538959e-07
 1.11859764e-10 1.10806690e-10 1.10854953e-10 1.22788468e-10
 1.10841805e-10 1.10779793e-10 1.10933961e-10 1.19329231e-10
 1.10790947e-10 1.18377616e-10 1.10822325e-10 1.49956446e-08
 1.23057293e-10 2.14307618e-10 1.22799151e-10 1.10868590e-10
 1.16688242e-10 1.10837085e-10 1.10855242e-10 1.11023712e-10
 1.10825195e-10 1.22843135e-10 1.10973168e-10 1.10854048e-10
 1.11318629e-10 1.11001008e-10 1.22423253e-10 1.22822049e-10
 1.13656405e-10 3.01702164e-10 1.10830960e-10 1.10916343e-10
 1.10861875e-10 1.19561790e-10 9.99999782e-01 1.10862926e-10
 1.10834978e-10 1.23142583e-10 1.10888547e-10 1.10862200e-10
 1.10972023e-10 1.11117794e-10 1.11022393e-10 1.10837227e-10
 1.10917538e-10 1.24429421e-10 1.10842928e-10 1.17294754e-10
 1.10834998e-10 1.10904479e-10 1.10823192e-10 1.10832277e-10
 1.10832401e-10 1.10848139e-10 1.10804211e-10 1.10851763e-10
 1.23132702e-10 1.85423048e-10 1.27252373e-10 1.10851848e-10
 1.18283276e-10 1.23160811e-10 1.00000000e-10 1.00000000e-10
 1.00000000e-10 1.00000000e-10 1.00000000e-10 1.10831423e-10
 1.11149214e-10 1.00018635e-10 1.10462698e-10 1.10531045e-10
 1.10291929e-10 1.10741800e-10 1.10156009e-10 1.39558580e-10
 1.00000000e-10 1.32224750e-10 1.10520698e-10 1.17155853e-10
 1.00000525e-10 1.21659150e-10 1.45499413e-10 1.09489656e-10
 1.20306851e-10 1.00020776e-10 1.00020776e-10 1.11501600e-10
 1.00018635e-10 1.11339694e-10 1.00020776e-10 1.00000000e-10
 1.10620560e-10 1.00000000e-10 1.00000000e-10 1.10809483e-10
 1.00000000e-10 1.10407052e-10 1.10387670e-10 1.10387885e-10
 1.45544166e-10 1.28679124e-10 1.00000531e-10 1.33617962e-10
 1.61153379e-10 1.10336519e-10 1.21245866e-10 1.10463412e-10
 1.00020777e-10 1.00020776e-10 1.00000000e-10 1.00000000e-10
 1.00000000e-10 1.00000000e-10 1.00018634e-10 1.00000000e-10
 1.00000000e-10 1.00000000e-10 1.00009527e-10 1.00020776e-10
 1.10625255e-10 1.00000000e-10 1.00000000e-10 1.00000000e-10
 1.10789524e-10 1.11043267e-10 1.21141027e-10 1.37848570e-10
 1.59326016e-10 1.09985245e-10 1.00000478e-10 1.20676382e-10
 1.15775958e-10 1.10518173e-10 1.10498632e-10 1.00000513e-10
 1.21573484e-10 1.32025646e-10 1.09273336e-10 1.00000000e-10
 1.00000000e-10 1.00020776e-10 1.00000530e-10 1.00009527e-10
 1.00020776e-10 1.09810963e-10 1.10863800e-10 1.10637771e-10
 1.10731677e-10 1.10577790e-10 1.00020776e-10 1.00000000e-10
 1.10628704e-10 1.00000000e-10 1.00000000e-10 1.10869899e-10
 1.05910638e-10 1.00000000e-10 1.44927873e-10 1.00000478e-10
 1.11426941e-10 1.15216318e-10 1.00018635e-10 1.00020776e-10
 1.10812689e-10 1.12322021e-10 1.00000478e-10 1.25325063e-10
 1.18100708e-10 1.00020775e-10 1.00018635e-10 1.10736242e-10
 1.00020776e-10 1.00018635e-10 1.08531150e-10 1.00020776e-10
 1.00000461e-10 1.00016593e-10 1.22554361e-10 1.22586643e-10
 1.22559182e-10 1.22676854e-10 1.18757704e-10 1.18777776e-10
 1.22645195e-10 1.22649848e-10 1.18763811e-10 1.00008691e-10
 1.11173236e-10 1.11095666e-10 1.22942446e-10 1.11295491e-10
 1.11399851e-10 1.22886630e-10 1.10913916e-10 1.00824416e-10
 1.01428320e-10 1.16890973e-10 1.00550345e-10 1.22155011e-10
 1.09597708e-10 1.01426026e-10 1.09097541e-10 1.01188999e-10
 1.00000000e-10 1.09946013e-10 1.02073331e-10 1.11783005e-10
 1.12085551e-10 1.16983036e-10 1.09662973e-10 1.00000000e-10
 1.16908121e-10 1.00000000e-10 1.03562651e-10 1.07609317e-10
 1.00000000e-10 1.10828394e-10 1.00000000e-10 1.11191127e-10
 1.22571048e-10 1.18877189e-10 1.11201349e-10 1.22577192e-10
 1.12179665e-10 1.11953222e-10 1.11804969e-10 1.00180685e-10
 1.00452286e-10 1.22420476e-10 1.09134593e-10 1.00485836e-10
 1.09027503e-10 1.16955671e-10 1.00000000e-10 1.00000000e-10
 1.09909954e-10 1.16877015e-10 1.00000000e-10 1.09031533e-10
 1.09600512e-10 1.06786326e-10 1.00000000e-10 1.06733356e-10
 1.10055044e-10 1.22872823e-10 1.22886241e-10 1.22859277e-10
 1.22863351e-10 1.22842122e-10 1.22864767e-10 1.22857654e-10
 1.22810801e-10 1.22859631e-10 1.11319443e-10 1.22626557e-10
 1.22647376e-10 1.18710926e-10 1.00017650e-10 1.01885376e-10
 1.00000000e-10 1.10208558e-10 1.23013683e-10 1.17451868e-10
 1.09272235e-10 1.03146572e-10 1.07143537e-10 1.17465272e-10
 1.00000000e-10 1.00000000e-10 1.10361888e-10 1.17563661e-10
 1.12186722e-10 1.16994590e-10 1.00000000e-10 1.10687234e-10
 1.07879287e-10 1.22850065e-10 1.00021852e-10 1.11073641e-10
 1.10980865e-10 1.18943180e-10 1.17454547e-10 1.06977831e-10
 1.00000000e-10 1.17554679e-10 1.08072058e-10 1.17540112e-10
 1.00000000e-10 1.00000000e-10 1.00000000e-10 1.00000000e-10
 1.00000000e-10 1.00000000e-10 1.00000000e-10 1.00000000e-10
 1.01977786e-10 1.00000000e-10 1.00000000e-10 1.00000000e-10
 1.00370503e-10 1.00000000e-10 1.00000000e-10 1.00000000e-10
 1.00000000e-10 1.00000519e-10 1.00000413e-10 1.00000553e-10
 1.00000000e-10 1.00000459e-10 1.00000501e-10 1.00000000e-10
 1.00000000e-10 1.00000494e-10 1.00000552e-10 1.00000000e-10
 1.00000447e-10 1.00000489e-10 1.00000000e-10 1.00000000e-10
 1.00000324e-10 1.00000452e-10 1.00000441e-10 1.00000359e-10
 1.00000000e-10 1.00000000e-10 1.00000000e-10 1.00000000e-10
 1.00000544e-10 1.00000000e-10 1.00308090e-10 1.00000000e-10
 1.00000000e-10 1.00000485e-10 1.00000527e-10 1.00000492e-10
 1.00000000e-10 1.00000357e-10 1.00000503e-10 1.00000000e-10
 1.00000404e-10 1.00000468e-10 1.00000445e-10 1.00000386e-10
 1.00000000e-10 1.00000000e-10 1.00000000e-10 1.00000000e-10
 1.00000000e-10 1.00000000e-10 1.00000501e-10 1.00000000e-10
 1.00000403e-10 1.00000401e-10 1.00000477e-10 1.00000466e-10
 1.00000000e-10 1.00000384e-10 1.00000315e-10 1.00000367e-10
 1.00000280e-10]"
-11.999999402041608	"[1.00000000e-10 1.02116449e-10 1.00000000e-10 2.16356979e-10
 1.00843152e-10 1.00000000e-10 1.00000000e-10 1.01855856e-10
 1.00000000e-10 1.01063214e-10 1.02022669e-10 2.73805479e-10
 1.00000000e-10 1.00735245e-10 1.02029567e-10 1.00000000e-10
 1.01467634e-10 1.01201031e-10 1.00882805e-10 1.00000000e-10
 1.00324312e-10 1.00000000e-10 1.00874624e-10 2.42034434e-10
 1.00000000e-10 1.87491860e-10 1.00000000e-10 1.01926834e-10
 1.13755687e-10 1.00632371e-10 1.00688072e-10 1.01366511e-10
 1.01217258e-10 1.00000000e-10 1.01075971e-10 1.00923737e-10
 1.00949911e-10 1.01227486e-10 1.00000000e-10 1.00000000e-10
 1.00000000e-10 2.18226069e-10 1.00861373e-10 1.01591046e-10
 1.01121189e-10 1.00000000e-10 9.99999963e-01 1.00990536e-10
 1.01269680e-10 1.00000000e-10 1.00624004e-10 1.00889907e-10
 1.00941082e-10 1.00978046e-10 1.01206655e-10 1.00966520e-10
 1.01158562e-10 1.41562991e-10 1.01152408e-10 1.14787029e-10
 1.01313301e-10 1.01022031e-10 1.01038302e-10 1.01354330e-10
 1.01063961e-10 1.01030598e-10 1.01517742e-10 1.01370263e-10
 1.00000000e-10 1.72170077e-10 1.57327495e-10 1.01018938e-10
 1.00000000e-10 1.00000000e-10 1.01710104e-10 1.01233087e-10
 1.01041132e-10 1.01107618e-10 1.00996103e-10 1.01022895e-10
 1.01129320e-10 1.00979990e-10 1.01427071e-10 1.01578273e-10
 1.01324357e-10 1.01163274e-10 1.01137153e-10 1.00000000e-10
 1.01279197e-10 1.00000000e-10 1.01708483e-10 1.00000000e-10
 1.00000000e-10 1.00000000e-10 1.00000000e-10 1.00000000e-10
 1.00000000e-10 1.00986434e-10 1.01402573e-10 1.00000000e-10
 1.00410413e-10 1.01682666e-10 1.01001332e-10 1.01227223e-10
 1.01037438e-10 1.01063408e-10 1.00988237e-10 1.01352775e-10
 1.01377116e-10 1.01471329e-10 1.01248405e-10 1.01331321e-10
 1.00000000e-10 1.00000000e-10 1.00000000e-10 1.00000000e-10
 1.00000000e-10 1.00000000e-10 1.00000000e-10 1.00000000e-10
 1.01144549e-10 1.01374194e-10 1.01334110e-10 1.01144323e-10
 1.01268460e-10 1.01137158e-10 1.01157239e-10 1.00995228e-10
 1.01416116e-10 1.01308946e-10 1.01143389e-10 1.01262283e-10
 1.01140931e-10 1.00946359e-10 1.01059945e-10 1.00948566e-10
 1.01077526e-10 1.01292799e-10 1.00000000e-10 1.00000000e-10
 1.00000000e-10 1.00000000e-10 1.00000000e-10 1.00000000e-10
 1.00000000e-10 1.01261736e-10 1.01379514e-10 1.00000000e-10
 1.00000000e-10 1.00000000e-10 1.00000000e-10 1.01545577e-10
 1.01423114e-10 1.01240228e-10 1.00000000e-10 1.00987057e-10
 1.01120925e-10 1.01343214e-10 1.01051145e-10 1.01520635e-10
 1.01119898e-10 1.01168014e-10 1.01200711e-10 1.01413076e-10
 1.01100099e-10 1.01044790e-10 1.01262066e-10 1.01192675e-10
 1.01184035e-10 1.00729410e-10 1.00000000e-10 1.00000000e-10
 1.00000000e-10 1.00000000e-10 1.01202832e-10 1.01198494e-10
 1.01329360e-10 1.00000000e-10 1.00000000e-10 1.00000000e-10
 1.00000000e-10 1.01128326e-10 1.01139133e-10 1.01187571e-10
 1.01109239e-10 1.01223943e-10 1.00000000e-10 1.01350096e-10
 1.00000000e-10 1.01127190e-10 1.00000000e-10 1.00000000e-10
 1.00000000e-10 1.00000000e-10 1.00000000e-10 1.00000000e-10
 1.00000000e-10 1.00000000e-10 1.00000000e-10 1.01184609e-10
 1.00000000e-10 1.01168247e-10 1.00000000e-10 1.00000000e-10
 1.01178767e-10 1.00000000e-10 1.01148842e-10 1.10880677e-10
 1.11685176e-10 1.14815033e-10 1.11635368e-10 1.73018664e-10
 1.13008084e-10 1.11636620e-10 1.13128631e-10 1.11607175e-10
 1.58043104e-10 1.13074364e-10 1.11750711e-10 1.00000000e-10
 1.00000000e-10 1.14788810e-10 1.13033266e-10 1.43091066e-10
 1.14747905e-10 1.43229626e-10 1.11605372e-10 1.28750203e-10
 1.43088897e-10 1.12925720e-10 1.01167813e-10 1.01248829e-10
 1.00000000e-10 1.00000000e-10 1.01265069e-10 1.00000000e-10
 1.00000000e-10 1.00000000e-10 1.00000000e-10 1.11709425e-10
 1.10916069e-10 1.73137983e-10 1.13079433e-10 1.11788147e-10
 1.13014154e-10 1.14829332e-10 1.10737751e-10 1.57928799e-10
 1.13010168e-10 1.14819601e-10 1.58003485e-10 1.13132123e-10
 1.13065931e-10 1.28753482e-10 1.43086017e-10 1.28759944e-10
 1.12916587e-10 1.00000000e-10 1.00000000e-10 1.00000000e-10
 1.00000000e-10 1.00000000e-10 1.00000000e-10 1.00000000e-10
 1.00000000e-10 1.00000000e-10 1.01218577e-10 1.00000000e-10
 1.00000000e-10 1.00000000e-10 1.01228242e-10 1.11683835e-10
 1.43157749e-10 1.12965278e-10 1.73011097e-10 1.14785893e-10
 1.13112837e-10 1.11506386e-10 1.28796089e-10 1.14768586e-10
 1.43124777e-10 1.43021560e-10 1.12950533e-10 1.14789473e-10
 1.00000000e-10 1.14805432e-10 1.43132638e-10 1.12953221e-10
 1.28697173e-10 1.00000000e-10 1.01151834e-10 1.01215832e-10
 1.01254792e-10 1.00000000e-10 1.14732837e-10 1.28870580e-10
 1.43019311e-10 1.14776443e-10 1.28677050e-10 1.14793297e-10
 1.01268716e-10 1.01218306e-10 1.01085821e-10 1.01290968e-10
 1.01218061e-10 1.01168685e-10 1.01265108e-10 1.01234224e-10
 1.01264799e-10 1.01097196e-10 1.00929547e-10 1.00784945e-10
 1.00000000e-10 1.00924260e-10 1.00815701e-10 1.00906930e-10
 1.00841172e-10 1.00000000e-10 1.00000000e-10 1.00000000e-10
 1.00882109e-10 1.00000000e-10 1.00000000e-10 1.01107960e-10
 1.00881465e-10 1.00000000e-10 1.00000000e-10 1.01053750e-10
 1.00000000e-10 1.00000000e-10 1.00880642e-10 1.00886417e-10
 1.00000000e-10 1.00000000e-10 1.00000000e-10 1.00000000e-10
 1.01243522e-10 1.01181421e-10 1.00871581e-10 1.00945262e-10
 1.00000000e-10 1.01040425e-10 1.00000000e-10 1.00994934e-10
 1.01068621e-10 1.00000000e-10 1.00000000e-10 1.00000000e-10
 1.01068527e-10 1.00000000e-10 1.00000000e-10 1.01025697e-10
 1.00000000e-10 1.00000000e-10 1.00000000e-10 1.00000000e-10
 1.01192823e-10 1.01225575e-10 1.01269523e-10 1.01236323e-10
 1.01188341e-10 1.01160836e-10 1.00000000e-10 1.00943600e-10
 1.00000000e-10 1.00000000e-10 1.00000000e-10 1.00000000e-10
 1.01050756e-10 1.00000000e-10 1.00000000e-10 1.00000000e-10
 1.00000000e-10]"
-13.49999911429823	"[1.01971014e-10 1.00786491e-10 1.03012191e-10 1.00000000e-10
 1.00000000e-10 1.00000000e-10 1.00289146e-10 1.00000000e-10
 1.00451194e-10 1.00554610e-10 1.00000000e-10 1.00000000e-10
 1.01188620e-10 1.00000000e-10 1.00000000e-10 1.00000000e-10
 1.00000000e-10 1.00161214e-10 1.00000000e-10 1.01126007e-10
 1.00000000e-10 1.01901038e-10 1.00174160e-10 1.00000000e-10
 1.01220474e-10 1.00000000e-10 1.00430327e-10 1.00000000e-10
 1.00000000e-10 1.00000000e-10 1.00000000e-10 1.00131224e-10
 1.00000000e-10 1.00109928e-10 1.00000000e-10 1.00000000e-10
 1.00000000e-10 1.00000000e-10 1.01100890e-10 1.00696862e-10
 1.01968469e-10 1.00000000e-10 1.00000000e-10 1.00197061e-10
 1.00000000e-10 1.01267856e-10 9.99999963e-01 1.00000000e-10
 1.00000000e-10 1.00894998e-10 1.00000000e-10 1.00028513e-10
 1.00070394e-10 1.00165733e-10 1.00000000e-10 1.00000000e-10
 1.00016568e-10 1.00000000e-10 1.00000000e-10 1.00000000e-10
 1.00000000e-10 1.00000000e-10 1.00000000e-10 1.00000000e-10
 1.00000000e-10 1.00090923e-10 1.00000000e-10 1.00156063e-10
 1.00309402e-10 1.00000000e-10 1.00000000e-10 1.00000000e-10
 1.01485290e-10 1.00726963e-10 1.00000000e-10 1.00000000e-10
 1.00000000e-10 1.00000000e-10 1.00000000e-10 1.00257240e-10
 1.00000000e-10 1.00000000e-10 1.00000000e-10 1.00000000e-10
 1.00000000e-10 1.00000000e-10 1.00000000e-10 1.48056245e-10
 1.00000000e-10 1.39335189e-10 1.00000000e-10 1.29212451e-10
 1.09456954e-10 1.29039551e-10 1.75579917e-10 1.19435929e-10
 1.28361352e-10 1.00000000e-10 1.00000000e-10 1.00000000e-10
 1.00000000e-10 1.00000000e-10 1.00000000e-10 1.00089474e-10
 1.00007240e-10 1.00000000e-10 1.00000000e-10 1.00000000e-10
 1.00000000e-10 1.00220537e-10 1.00000000e-10 1.00000000e-10
 1.48111991e-10 1.37216635e-10 1.09587620e-10 1.38716106e-10
 1.96751531e-10 1.19545397e-10 1.29231320e-10 1.18294827e-10
 1.00000000e-10 1.00000000e-10 1.00005964e-10 1.00000000e-10
 1.00000000e-10 1.00000000e-10 1.00000000e-10 1.00000000e-10
 1.00000000e-10 1.00000000e-10 1.00000000e-10 1.00000000e-10
 1.00000000e-10 1.00000000e-10 1.00000000e-10 1.00000000e-10
 1.00000000e-10 1.00000000e-10 1.29394461e-10 1.48994940e-10
 1.93084675e-10 1.19561925e-10 1.09844016e-10 1.29217587e-10
 1.28443858e-10 1.00000000e-10 1.00166187e-10 1.09373722e-10
 1.29280531e-10 1.57803871e-10 1.19655126e-10 1.00000000e-10
 1.00000000e-10 1.00000000e-10 1.09494333e-10 1.00176955e-10
 1.00000000e-10 1.00000000e-10 1.00000000e-10 1.00013178e-10
 1.00020893e-10 1.00000000e-10 1.00000000e-10 1.00000000e-10
 1.00000000e-10 1.00000000e-10 1.00000000e-10 1.00000000e-10
 1.00000000e-10 1.00132300e-10 1.75797604e-10 1.08973669e-10
 1.18693827e-10 1.28480641e-10 1.00000000e-10 1.00000000e-10
 1.00000000e-10 1.28270668e-10 1.09890226e-10 1.46972364e-10
 1.39333360e-10 1.00000000e-10 1.00000000e-10 1.00000000e-10
 1.00000000e-10 1.00095830e-10 1.19140736e-10 1.00000000e-10
 1.09656265e-10 1.00000000e-10 1.00730219e-10 1.00376058e-10
 1.00945860e-10 1.00696764e-10 1.01229742e-10 1.01453365e-10
 1.00317027e-10 1.00949921e-10 1.01912855e-10 1.00000000e-10
 1.00000000e-10 1.00000000e-10 1.00541235e-10 1.00000000e-10
 1.00000000e-10 1.00787019e-10 1.00000000e-10 1.00000000e-10
 1.00000000e-10 1.00000000e-10 1.00000000e-10 1.00000000e-10
 1.00000000e-10 1.00000000e-10 1.00000000e-10 1.00000000e-10
 1.00000000e-10 1.00000000e-10 1.00000000e-10 1.00000000e-10
 1.00000000e-10 1.00000000e-10 1.00000000e-10 1.00000000e-10
 1.00000000e-10 1.00000000e-10 1.00000000e-10 1.00000000e-10
 1.00000000e-10 1.00000000e-10 1.00000000e-10 1.00000000e-10
 1.00170777e-10 1.01414423e-10 1.00000000e-10 1.00437959e-10
 1.00000000e-10 1.00000000e-10 1.00000000e-10 1.00000000e-10
 1.00000000e-10 1.00000000e-10 1.00000000e-10 1.00000000e-10
 1.00000000e-10 1.00000000e-10 1.00000000e-10 1.00000000e-10
 1.00000000e-10 1.00000000e-10 1.00000000e-10 1.00000000e-10
 1.00000000e-10 1.00000000e-10 1.00000000e-10 1.00000000e-10
 1.00000000e-10 1.00764622e-10 1.01062061e-10 1.00705785e-10
 1.00567501e-10 1.00582212e-10 1.00461150e-10 1.00609077e-10
 1.00548729e-10 1.00543138e-10 1.00000000e-10 1.00664431e-10
 1.00880553e-10 1.01683008e-10 1.00000000e-10 1.00000000e-10
 1.00000000e-10 1.00000000e-10 1.00000000e-10 1.00000000e-10
 1.00000000e-10 1.00000000e-10 1.00000000e-10 1.00000000e-10
 1.00000000e-10 1.00000000e-10 1.00000000e-10 1.00000000e-10
 1.00000000e-10 1.00000000e-10 1.00000000e-10 1.00000000e-10
 1.00000000e-10 1.00951853e-10 1.00000000e-10 1.00000000e-10
 1.00000000e-10 1.01836697e-10 1.00000000e-10 1.00000000e-10
 1.00000000e-10 1.00000000e-10 1.00000000e-10 1.00000000e-10
 1.00000000e-10 1.00000000e-10 1.00000000e-10 1.00000000e-10
 1.00000000e-10 1.00000000e-10 1.00000000e-10 1.00000000e-10
 1.00000000e-10 1.00000000e-10 1.00000000e-10 1.00042094e-10
 1.09157355e-10 1.00000000e-10 1.00000000e-10 1.00000000e-10
 1.00000000e-10 1.09320163e-10 1.09649712e-10 1.09442605e-10
 1.00000000e-10 1.09196728e-10 1.09797918e-10 1.00000000e-10
 1.00000000e-10 1.09307104e-10 1.09423115e-10 1.00000000e-10
 1.09349889e-10 1.09527384e-10 1.00021807e-10 1.00092298e-10
 1.09694245e-10 1.09428584e-10 1.09535834e-10 1.09505524e-10
 1.00000000e-10 1.00000000e-10 1.00066555e-10 1.00000000e-10
 1.09767220e-10 1.00101395e-10 1.09344887e-10 1.00037753e-10
 1.00000000e-10 1.09896829e-10 1.09665632e-10 1.09122896e-10
 1.00000000e-10 1.09707228e-10 1.09451415e-10 1.00000000e-10
 1.09232077e-10 1.09149623e-10 1.09275034e-10 1.09475389e-10
 1.00000000e-10 1.00000000e-10 1.00000000e-10 1.00000000e-10
 1.00000000e-10 1.00000000e-10 1.09440755e-10 1.00000000e-10
 1.09277070e-10 1.09331092e-10 1.09234480e-10 1.09725420e-10
 1.00000000e-10 1.09184443e-10 1.09572118e-10 1.09127458e-10
 1.09458023e-10]"
-15.000013786792511	"[1.00000000e-10 1.00000000e-10 1.00000000e-10 1.00000000e-10
 1.00000000e-10 1.00000000e-10 1.00000000e-10 1.00000000e-10
 1.00000000e-10 1.00000000e-10 1.00000000e-10 1.00000000e-10
 1.00000000e-10 1.00000000e-10 1.00000000e-10 1.00000000e-10
 1.00000000e-10 1.00000000e-10 1.00000000e-10 1.00000000e-10
 1.00000000e-10 1.00000000e-10 1.00000000e-10 1.00000000e-10
 1.00000000e-10 1.00000000e-10 1.00000000e-10 1.00000000e-10
 1.00000000e-10 1.00000000e-10 1.00000000e-10 1.00000000e-10
 1.00000000e-10 1.00000000e-10 1.00000000e-10 1.00000000e-10
 1.00000000e-10 1.00000000e-10 1.00000000e-10 1.00000000e-10
 1.00000000e-10 1.00000000e-10 1.00000000e-10 1.00000000e-10
 1.00000000e-10 1.00000000e-10 1.00000046e+00 1.00000000e-10
 1.00000000e-10 1.00000000e-10 1.00000000e-10 1.00000000e-10
 1.00000000e-10 1.00000000e-10 1.00000000e-10 1.00000000e-10
 1.00000000e-10 1.00000000e-10 1.00000000e-10 1.00000000e-10
 1.00000000e-10 1.00000000e-10 1.00000000e-10 1.00000000e-10
 1.00000000e-10 1.00000000e-10 1.00000000e-10 1.00000000e-10
 1.00000000e-10 1.00000000e-10 1.00000000e-10 1.00000000e-10
 1.00000000e-10 1.00000000e-10 1.00000000e-10 1.00000000e-10
 1.00000000e-10 1.00000000e-10 1.00000000e-10 1.00000000e-10
 1.00000000e-10 1.00000000e-10 1.00000000e-10 1.00000000e-10
 1.00000000e-10 1.00000000e-10 1.00000000e-10 1.00000000e-10
 1.00000000e-10 1.00000000e-10 1.00000000e-10 1.00000000e-10
 1.00000000e-10 1.00000000e-10 1.00000000e-10 1.00000000e-10
 1.00000000e-10 1.00000000e-10 1.00000000e-10 1.00000000e-10
 1.00000000e-10 1.00000000e-10 1.00000000e-10 1.00000000e-10
 1.00000000e-10 1.00000000e-10 1.00000000e-10 1.00000000e-10
 1.00000000e-10 1.00000000e-10 1.00000000e-10 1.00000000e-10
 1.00000000e-10 1.00000000e-10 1.00000000e-10 1.00000000e-10
 1.00000000e-10 1.00000000e-10 1.00000000e-10 1.00000000e-10
 1.00000000e-10 1.00000000e-10 1.00000000e-10 1.00000000e-10
 1.00000000e-10 1.00000000e-10 1.00000000e-10 1.00000000e-10
 1.00000000e-10 1.00000000e-10 1.00000000e-10 1.00000000e-10
 1.00000000e-10 1.00000000e-10 1.00000000e-10 1.00000000e-10
 1.00000000e-10 1.00000000e-10 1.00000000e-10 1.00000000e-10
 1.00000000e-10 1.00000000e-10 1.00000000e-10 1.00000000e-10
 1.00000000e-10 1.00000000e-10 1.00000000e-10 1.00000000e-10
 1.00000000e-10 1.00000000e-10 1.00000000e-10 1.00000000e-10
 1.00000000e-10 1.00000000e-10 1.00000000e-10 1.00000000e-10
 1.00000000e-10 1.00000000e-10 1.00000000e-10 1.00000000e-10
 1.00000000e-10 1.00000000e-10 1.00000000e-10 1.00000000e-10
 1.00000000e-10 1.00000000e-10 1.00000000e-10 1.00000000e-10
 1.00000000e-10 1.00000000e-10 1.00000000e-10 1.00000000e-10
 1.00000000e-10 1.00000000e-10 1.00000000e-10 1.00000000e-10
 1.00000000e-10 1.00000000e-10 1.00000000e-10 1.00000000e-10
 1.00000000e-10 1.00000000e-10 1.00000000e-10 1.00000000e-10
 1.00000000e-10 1.00000000e-10 1.00000000e-10 1.00000000e-10
 1.00000000e-10 1.00000000e-10 1.00000000e-10 1.00000000e-10
 1.00000000e-10 1.00000000e-10 1.00000000e-10 1.00000000e-10
 1.00000000e-10 1.00000000e-10 1.00000000e-10 1.00000000e-10
 1.00000000e-10 1.00000000e-10 1.00000000e-10 1.00000000e-10
 1.00000000e-10 1.00000000e-10 1.00000000e-10 1.00000000e-10
 1.00000000e-10 1.00000000e-10 1.00000000e-10 1.00000000e-10
 1.00000000e-10 1.00000000e-10 1.00000000e-10 1.00000000e-10
 1.00000000e-10 1.00000000e-10 1.00000000e-10 1.00000000e-10
 1.00000000e-10 1.00000000e-10 1.00000000e-10 1.00000000e-10
 1.00000000e-10 1.00000000e-10 1.00000000e-10 1.00000000e-10
 1.00000000e-10 1.00000000e-10 1.00000000e-10 1.00000000e-10
 1.00000000e-10 1.00000000e-10 1.00000000e-10 1.00000000e-10
 1.00000000e-10 1.00000000e-10 1.00000000e-10 1.00000000e-10
 1.00000000e-10 1.00000000e-10 1.00000000e-10 1.00000000e-10
 1.00000000e-10 1.00000000e-10 1.00000000e-10 1.00000000e-10
 1.00000000e-10 1.00000000e-10 1.00000000e-10 1.00000000e-10
 1.00000000e-10 1.00000000e-10 1.00000000e-10 1.00000000e-10
 1.00000000e-10 1.00000000e-10 1.00000000e-10 1.00000000e-10
 1.00000000e-10 1.00000000e-10 1.00000000e-10 1.00000000e-10
 1.00000000e-10 1.00000000e-10 1.00000000e-10 1.00000000e-10
 1.00000000e-10 1.00000000e-10 1.00000000e-10 1.00000000e-10
 1.00000000e-10 1.00000000e-10 1.00000000e-10 1.00000000e-10
 1.00000000e-10 1.00000000e-10 1.00000000e-10 1.00000000e-10
 1.00000000e-10 1.00000000e-10 1.00000000e-10 1.00000000e-10
 1.00000000e-10 1.00000000e-10 1.00000000e-10 1.00000000e-10
 1.00000000e-10 1.00000000e-10 1.00000000e-10 1.00000000e-10
 1.00000000e-10 1.00000000e-10 1.00000000e-10 1.00000000e-10
 1.00000000e-10 1.00000000e-10 1.00000000e-10 1.00000000e-10
 1.00000000e-10 1.00000000e-10 1.00000000e-10 1.00000000e-10
 1.00000000e-10 1.00000000e-10 1.00000000e-10 1.00000000e-10
 1.00000000e-10 1.00000000e-10 1.00000000e-10 1.00000000e-10
 1.00000000e-10 1.00000000e-10 1.00000000e-10 1.00000000e-10
 1.00000000e-10 1.00000000e-10 1.00000000e-10 1.00000000e-10
 1.00000000e-10 1.00000000e-10 1.00000000e-10 1.00000000e-10
 1.00000000e-10 1.00000000e-10 1.00000000e-10 1.00000000e-10
 1.00000000e-10 1.00000000e-10 1.00000000e-10 1.00000000e-10
 1.00000000e-10 1.00000000e-10 1.00000000e-10 1.00000000e-10
 1.00000000e-10 1.00000000e-10 1.00000000e-10 1.00000000e-10
 1.00000000e-10 1.00000000e-10 1.00000000e-10 1.00000000e-10
 1.00000000e-10 1.00000000e-10 1.00000000e-10 1.00000000e-10
 1.00000000e-10 1.00000000e-10 1.00000000e-10 1.00000000e-10
 1.00000000e-10 1.00000000e-10 1.00000000e-10 1.00000000e-10
 1.00000000e-10 1.00000000e-10 1.00000000e-10 1.00000000e-10
 1.00000000e-10 1.00000000e-10 1.00000000e-10 1.00000000e-10
 1.00000000e-10 1.00000000e-10 1.00000000e-10 1.00000000e-10
 1.00000000e-10 1.00000000e-10 1.00000000e-10 1.00000000e-10
 1.00000000e-10]"
