F vs T	p vs T
-8.23840473932508	"[0.00331126 0.00331126 0.00331126 0.00331126 0.00331126 0.00331126
 0.00331126 0.00331126 0.00331126 0.00331126 0.00331126 0.00331126
 0.00331126 0.00331126 0.00331126 0.00331126 0.00331126 0.00331126
 0.00331126 0.00331126 0.00331126 0.00331126 0.00331126 0.00331126
 0.00331126 0.00331126 0.00331126 0.00331126 0.00331126 0.00331126
 0.00331126 0.00331126 0.00331126 0.00331126 0.00331126 0.00331126
 0.00331126 0.00331126 0.00331126 0.00331126 0.00331126 0.00331126
 0.00331126 0.00331126 0.00331126 0.00331126 0.00331126 0.00331126
 0.00331126 0.00331126 0.00331126 0.00331126 0.00331126 0.00331126
 0.00331126 0.00331126 0.00331126 0.00331126 0.00331126 0.00331126
 0.00331126 0.00331126 0.00331126 0.00331126 0.00331126 0.00331126
 0.00331126 0.00331126 0.00331126 0.00331126 0.00331126 0.00331126
 0.00331126 0.00331126 0.00331126 0.00331126 0.00331126 0.00331126
 0.00331126 0.00331126 0.00331126 0.00331126 0.00331126 0.00331126
 0.00331126 0.00331126 0.00331126 0.00331126 0.00331126 0.00331126
 0.00331126 0.00331126 0.00331126 0.00331126 0.00331126 0.00331126
 0.00331126 0.00331126 0.00331126 0.00331126 0.00331126 0.00331126
 0.00331126 0.00331126 0.00331126 0.00331126 0.00331126 0.00331126
 0.00331126 0.00331126 0.00331126 0.00331126 0.00331126 0.00331126
 0.00331126 0.00331126 0.00331126 0.00331126 0.00331126 0.00331126
 0.00331126 0.00331126 0.00331126 0.00331126 0.00331126 0.00331126
 0.00331126 0.00331126 0.00331126 0.00331126 0.00331126 0.00331126
 0.00331126 0.00331126 0.00331126 0.00331126 0.00331126 0.00331126
 0.00331126 0.00331126 0.00331126 0.00331126 0.00331126 0.00331126
 0.00331126 0.00331126 0.00331126 0.00331126 0.00331126 0.00331126
 0.00331126 0.00331126 0.00331126 0.00331126 0.00331126 0.00331126
 0.00331126 0.00331126 0.00331126 0.00331126 0.00331126 0.00331126
 0.00331126 0.00331126 0.00331126 0.00331126 0.00331126 0.00331126
 0.00331126 0.00331126 0.00331126 0.00331126 0.00331126 0.00331126
 0.00331126 0.00331126 0.00331126 0.00331126 0.00331126 0.00331126
 0.00331126 0.00331126 0.00331126 0.00331126 0.00331126 0.00331126
 0.00331126 0.00331126 0.00331126 0.00331126 0.00331126 0.00331126
 0.00331126 0.00331126 0.00331126 0.00331126 0.00331126 0.00331126
 0.00331126 0.00331126 0.00331126 0.00331126 0.00331126 0.00331126
 0.00331126 0.00331126 0.00331126 0.00331126 0.00331126 0.00331126
 0.00331126 0.00331126 0.00331126 0.00331126 0.00331126 0.00331126
 0.00331126 0.00331126 0.00331126 0.00331126 0.00331126 0.00331126
 0.00331126 0.00331126 0.00331126 0.00331126 0.00331126 0.00331126
 0.00331126 0.00331126 0.00331126 0.00331126 0.00331126 0.00331126
 0.00331126 0.00331126 0.00331126 0.00331126 0.00331126 0.00331126
 0.00331126 0.00331126 0.00331126 0.00331126 0.00331126 0.00331126
 0.00331126 0.00331126 0.00331126 0.00331126 0.00331126 0.00331126
 0.00331126 0.00331126 0.00331126 0.00331126 0.00331126 0.00331126
 0.00331126 0.00331126 0.00331126 0.00331126 0.00331126 0.00331126
 0.00331126 0.00331126 0.00331126 0.00331126 0.00331126 0.00331126
 0.00331126 0.00331126 0.00331126 0.00331126 0.00331126 0.00331126
 0.00331126 0.00331126 0.00331126 0.00331126 0.00331126 0.00331126
 0.00331126 0.00331126 0.00331126 0.00331126 0.00331126 0.00331126
 0.00331126 0.00331126 0.00331126 0.00331126 0.00331126 0.00331126
 0.00331126 0.00331126 0.00331126 0.00331126 0.00331126 0.00331126
 0.00331126 0.00331126]"
-7.414562486785001	"[0.00331828 0.00331126 0.00331126 0.00331126 0.00331652 0.00331302
 0.00331302 0.00331126 0.00331302 0.00331477 0.00331126 0.00331126
 0.00331126 0.00331126 0.00331477 0.00331126 0.00331302 0.00331477
 0.00331126 0.00331126 0.00331126 0.00331126 0.00331302 0.00331126
 0.00331302 0.00331126 0.00331302 0.00331126 0.00331126 0.00331302
 0.00331302 0.00331126 0.00331302 0.00331477 0.00331126 0.00331477
 0.00331126 0.00332003 0.00331477 0.00331126 0.00331126 0.00331477
 0.00331302 0.00331126 0.00331126 0.00331302 0.00331126 0.00331126
 0.00331126 0.00332003 0.00331302 0.00331126 0.00332354 0.00331126
 0.00331126 0.00331302 0.00331126 0.00331126 0.00331126 0.00331302
 0.00331126 0.00331126 0.00331126 0.00331126 0.00331126 0.00331302
 0.00331126 0.00331126 0.00332003 0.00332354 0.00331126 0.00331126
 0.00331126 0.00331126 0.00331302 0.00331126 0.00331126 0.00331302
 0.00331302 0.00331302 0.00331126 0.003306   0.003306   0.003306
 0.00331126 0.003306   0.003306   0.00330951 0.00331126 0.00331126
 0.00331126 0.00331126 0.00330951 0.00331126 0.00330951 0.00330951
 0.00330951 0.00331126 0.00331302 0.00331126 0.00330951 0.00331126
 0.00331126 0.00330951 0.00331126 0.00331126 0.00331126 0.00331302
 0.00331477 0.00330951 0.00331126 0.00331126 0.00330951 0.00330951
 0.00330951 0.00331126 0.00331126 0.00331126 0.00331126 0.00330951
 0.00330951 0.00330951 0.00331126 0.00331126 0.00331126 0.00331126
 0.00330951 0.00330951 0.00330776 0.00330776 0.00330776 0.00330951
 0.00330951 0.00331126 0.00330951 0.00331126 0.00331126 0.00331126
 0.00331126 0.00331126 0.00330951 0.00330951 0.00330951 0.00331126
 0.00331126 0.00330951 0.00330951 0.00330951 0.00330951 0.00331126
 0.00331302 0.00331302 0.00331126 0.00330951 0.00331126 0.00330951
 0.00330951 0.00330951 0.00330951 0.00331302 0.00330425 0.00330425
 0.00330951 0.00331126 0.003306   0.00330425 0.00330951 0.00330951
 0.00330951 0.00330776 0.00331126 0.00330951 0.00330951 0.00331302
 0.00330951 0.00330425 0.00330951 0.003306   0.00330425 0.00331126
 0.00331126 0.00331126 0.00331126 0.00330951 0.003306   0.00330249
 0.00331126 0.00330951 0.00330951 0.00330951 0.00330951 0.00331126
 0.00330951 0.003306   0.00330951 0.00331126 0.00331126 0.00331126
 0.00331126 0.00331477 0.00331477 0.00331126 0.00331828 0.00331477
 0.00331477 0.00331477 0.00331477 0.00331477 0.00331477 0.00331126
 0.00331477 0.00331126 0.00331126 0.00331126 0.00331302 0.00331126
 0.00330951 0.00330951 0.00330951 0.00331126 0.00330951 0.00330951
 0.00331126 0.00330951 0.00330951 0.00331126 0.00330951 0.00330951
 0.00331302 0.00331302 0.00331302 0.00331477 0.00331477 0.00331302
 0.00331477 0.00331302 0.00331302 0.00330951 0.00330951 0.00330951
 0.00330951 0.00331302 0.00331302 0.00331302 0.00331652 0.00331302
 0.00331477 0.00331652 0.00331302 0.00331477 0.00331652 0.00331302
 0.00331126 0.00331477 0.00331477 0.00330951 0.00331302 0.00331302
 0.00331302 0.00331477 0.00331828 0.00331126 0.00331302 0.00331477
 0.00331126 0.00330951 0.00331302 0.00331477 0.00331477 0.00330951
 0.00330951 0.00330951 0.00330951 0.00330951 0.00330951 0.00330951
 0.00330951 0.00330951 0.00330951 0.00330951 0.00330951 0.00330951
 0.00330951 0.00330951 0.00330951 0.00330951 0.00330951 0.00330951
 0.00330951 0.00330951 0.00330951 0.00330951 0.00330951 0.00330951
 0.00330951 0.00330951 0.00330951 0.00330951 0.00330951 0.00330951
 0.00330951 0.00330951]"
-6.590721345862262	"[0.00332802 0.00331129 0.00331129 0.00331129 0.00332273 0.00331509
 0.00331508 0.00331128 0.00331515 0.00331889 0.00331128 0.00331128
 0.00331131 0.00331129 0.00331891 0.00331128 0.00331509 0.00331942
 0.00331129 0.00331129 0.00331129 0.00331128 0.0033151  0.00331131
 0.00331508 0.00331128 0.00331508 0.00331128 0.00331128 0.00331507
 0.00331509 0.00331131 0.00331509 0.00331915 0.00331129 0.0033189
 0.00331132 0.0033322  0.00331891 0.00331128 0.00331129 0.00331938
 0.0033151  0.00331129 0.00331128 0.00331512 0.00331129 0.00331129
 0.00331128 0.00333217 0.00331507 0.00331128 0.00334038 0.00331129
 0.00331128 0.00331543 0.00331129 0.00331128 0.00331129 0.00331509
 0.00331128 0.00331131 0.00331131 0.00331129 0.00331129 0.00331507
 0.00331128 0.00331129 0.00333187 0.00334039 0.00331128 0.00331129
 0.00331131 0.00331129 0.00331507 0.00331128 0.00331129 0.00331507
 0.00331541 0.00331508 0.00331124 0.00329844 0.00329861 0.0032986
 0.00331124 0.00329845 0.0032986  0.00330749 0.00331127 0.00331126
 0.00331127 0.00331126 0.00330749 0.00331128 0.00330748 0.00330748
 0.00330747 0.00331127 0.00331505 0.00331127 0.00330749 0.00331127
 0.00331127 0.00330749 0.00331127 0.00331129 0.00331126 0.00331503
 0.00331881 0.00330748 0.00331126 0.00331126 0.00330748 0.00330749
 0.0033075  0.00331128 0.00331127 0.00331124 0.00331124 0.00330749
 0.00330748 0.00330748 0.00331127 0.00331127 0.00331127 0.00331127
 0.00330749 0.00330723 0.00330321 0.0033032  0.0033032  0.00330722
 0.00330749 0.00331127 0.00330749 0.00331127 0.00331126 0.00331127
 0.00331127 0.00331127 0.0033075  0.00330749 0.00330749 0.00331128
 0.00331128 0.0033075  0.00330749 0.00330749 0.00330748 0.00331127
 0.00331503 0.00331504 0.00331127 0.00330749 0.00331102 0.00330723
 0.00330723 0.00330749 0.00330749 0.00331504 0.00329395 0.00329394
 0.00330716 0.00331124 0.00329844 0.00329394 0.00330748 0.0033075
 0.00330702 0.0033032  0.00331132 0.00330722 0.0033075  0.00331505
 0.00330749 0.00329383 0.00330715 0.0032986  0.00329383 0.00331122
 0.00331128 0.00331128 0.00331127 0.00330715 0.00329859 0.00328967
 0.00331129 0.00330711 0.00330715 0.00330749 0.00330747 0.00331124
 0.00330749 0.00329859 0.00330711 0.00331127 0.00331128 0.00331136
 0.00331136 0.00331948 0.00331949 0.00331136 0.00332737 0.00331949
 0.00331948 0.00331947 0.00331948 0.00331948 0.00331949 0.00331136
 0.00331948 0.00331129 0.00331129 0.00331129 0.00331508 0.00331129
 0.00330749 0.0033075  0.0033075  0.00331129 0.00330752 0.00330752
 0.00331129 0.00330752 0.0033075  0.00331136 0.0033075  0.00330751
 0.0033153  0.0033153  0.00331531 0.00331925 0.00331926 0.0033153
 0.0033193  0.00331531 0.00331531 0.00330749 0.00330752 0.00330752
 0.00330751 0.0033153  0.0033153  0.0033153  0.0033235  0.00331536
 0.00331948 0.0033235  0.00331536 0.00331949 0.00332352 0.00331536
 0.00331136 0.00331949 0.00331929 0.00330745 0.00331531 0.00331531
 0.00331537 0.00331949 0.00332753 0.00331139 0.00331537 0.00331949
 0.00331139 0.00330749 0.00331537 0.0033195  0.0033193  0.00330736
 0.00330725 0.00330725 0.00330725 0.00330724 0.00330724 0.00330736
 0.00330724 0.00330725 0.00330723 0.00330725 0.00330724 0.00330748
 0.00330749 0.00330736 0.00330735 0.00330732 0.00330729 0.00330736
 0.00330735 0.00330732 0.00330733 0.00330731 0.00330724 0.00330721
 0.00330731 0.00330724 0.00330729 0.00330723 0.00330732 0.00330729
 0.00330722 0.0033073 ]"
-5.766881944790165	"[0.00334223 0.00331129 0.00331132 0.00331132 0.00333095 0.00331778
 0.00331776 0.00331127 0.00331801 0.00332429 0.00331127 0.00331127
 0.00331136 0.00331129 0.00332435 0.00331127 0.0033178  0.00332613
 0.00331129 0.00331132 0.00331132 0.00331127 0.00331784 0.00331136
 0.00331776 0.00331127 0.00331776 0.00331127 0.00331127 0.00331774
 0.00331778 0.00331138 0.00331778 0.00332519 0.00331129 0.00332433
 0.00331142 0.00335    0.00332437 0.00331127 0.00331129 0.00332597
 0.00331782 0.00331129 0.00331127 0.00331792 0.00331129 0.00331129
 0.00331127 0.0033499  0.00331774 0.00331127 0.00336505 0.00331132
 0.00331127 0.00331894 0.00331129 0.00331127 0.00331129 0.00331778
 0.00331127 0.00331138 0.00331136 0.00331129 0.00331129 0.00331774
 0.00331127 0.00331132 0.0033489  0.00336509 0.00331127 0.00331129
 0.00331136 0.00331129 0.00331774 0.00331125 0.00331132 0.00331774
 0.0033189  0.00331776 0.00331112 0.00328464 0.0032852  0.00328516
 0.00331112 0.0032847  0.00328516 0.00330481 0.00331121 0.00331119
 0.00331121 0.00331119 0.00330479 0.00331125 0.00330475 0.00330475
 0.00330473 0.00331123 0.00331766 0.00331123 0.00330479 0.00331123
 0.00331121 0.00330481 0.00331121 0.00331129 0.00331119 0.00331757
 0.003324   0.00330477 0.00331117 0.00331119 0.00330477 0.00330479
 0.00330483 0.00331125 0.00331123 0.00331112 0.00331112 0.00330481
 0.00330477 0.00330475 0.00331121 0.00331123 0.00331123 0.00331123
 0.00330481 0.00330389 0.0032956  0.00329558 0.00329557 0.00330387
 0.00330481 0.00331121 0.00330479 0.00331123 0.00331119 0.00331121
 0.00331123 0.00331123 0.00330483 0.00330479 0.00330481 0.00331127
 0.00331127 0.00330483 0.00330481 0.00330481 0.00330477 0.00331121
 0.00331757 0.00331762 0.00331121 0.00330479 0.00331035 0.00330389
 0.00330389 0.00330481 0.00330479 0.0033176  0.00328345 0.00328345
 0.0033037  0.00331112 0.00328466 0.00328345 0.00330477 0.00330483
 0.00330319 0.00329558 0.0033114  0.00330387 0.00330483 0.00331764
 0.00330481 0.00328345 0.00330368 0.00328518 0.00328345 0.00331108
 0.00331125 0.00331125 0.00331123 0.00330368 0.00328514 0.00328345
 0.00331129 0.0033035  0.00330368 0.00330481 0.00330473 0.00331112
 0.00330481 0.00328514 0.0033035  0.00331121 0.00331125 0.00331152
 0.00331152 0.00332617 0.00332621 0.00331152 0.00334012 0.00332621
 0.00332619 0.00332613 0.00332619 0.00332617 0.00332623 0.00331152
 0.00332617 0.00331129 0.00331132 0.00331129 0.00331776 0.00331129
 0.00330479 0.00330485 0.00330485 0.00331129 0.0033049  0.00330492
 0.00331129 0.0033049  0.00330485 0.0033115  0.00330483 0.00330488
 0.00331853 0.00331853 0.00331854 0.00332554 0.00332555 0.00331853
 0.0033257  0.00331855 0.00331856 0.00330479 0.0033049  0.00330492
 0.00330488 0.00331853 0.00331853 0.00331853 0.00333342 0.0033187
 0.00332619 0.00333342 0.0033187  0.00332623 0.0033335  0.0033187
 0.0033115  0.00332623 0.00332567 0.00330467 0.00331855 0.00331855
 0.00331872 0.00332621 0.00334073 0.00331163 0.00331872 0.00332621
 0.00331163 0.00330481 0.00331872 0.00332625 0.00332569 0.00330437
 0.00330402 0.00330405 0.00330402 0.003304   0.00330398 0.00330437
 0.003304   0.00330405 0.00330396 0.00330405 0.003304   0.00330477
 0.00330481 0.00330434 0.00330433 0.0033042  0.00330412 0.00330434
 0.00330433 0.0033042  0.00330424 0.00330418 0.003304   0.00330388
 0.00330418 0.003304   0.00330414 0.00330396 0.00330422 0.00330412
 0.00330394 0.00330416]"
-4.943045742741522	"[0.00336601 0.00331162 0.00331166 0.00331166 0.0033404  0.00332108
 0.00332104 0.00331158 0.00332153 0.00333059 0.00331158 0.00331158
 0.00331179 0.00331162 0.00333072 0.00331158 0.00332113 0.00333615
 0.00331162 0.00331166 0.00331168 0.00331158 0.00332121 0.00331174
 0.00332103 0.00331158 0.00332104 0.00331157 0.00331158 0.003321
 0.00332108 0.00331177 0.00332108 0.0033333  0.00331162 0.00333067
 0.00331184 0.00337949 0.00333077 0.00331158 0.00331162 0.00333566
 0.00332117 0.00331162 0.00331158 0.00332135 0.00331162 0.00331162
 0.00331158 0.00337918 0.003321   0.00331158 0.0034046  0.00331166
 0.00331158 0.00332474 0.00331162 0.00331158 0.00331162 0.00332108
 0.00331158 0.00331186 0.00331179 0.00331162 0.00331162 0.003321
 0.00331158 0.00331166 0.00337595 0.00340473 0.00331158 0.00331162
 0.00331173 0.00331162 0.003321   0.00331152 0.00331166 0.003321
 0.00332445 0.00332104 0.00331112 0.00326367 0.00326527 0.00326517
 0.00331112 0.00326379 0.00326517 0.00330216 0.00331145 0.00331141
 0.00331145 0.0033114  0.00330212 0.00331154 0.00330203 0.00330203
 0.00330199 0.0033115  0.00332083 0.0033115  0.00330212 0.0033115
 0.00331145 0.00330216 0.00331145 0.00331163 0.00331142 0.00332067
 0.00333003 0.00330207 0.00331138 0.00331141 0.00330208 0.00330212
 0.0033022  0.00331154 0.0033115  0.00331112 0.00331112 0.00330216
 0.00330208 0.00330203 0.00331146 0.0033115  0.0033115  0.0033115
 0.00330216 0.00329944 0.00328356 0.00328348 0.00328341 0.00329938
 0.00330216 0.00331146 0.00330211 0.0033115  0.00331142 0.00331145
 0.0033115  0.0033115  0.0033022  0.00330212 0.00330216 0.00331161
 0.0033116  0.0033022  0.00330216 0.00330216 0.00330208 0.00331146
 0.00332068 0.00332076 0.00331146 0.00330212 0.0033089  0.00329944
 0.00329944 0.00330216 0.00330212 0.00332072 0.00324971 0.0032496
 0.00329867 0.00331112 0.0032637  0.0032496  0.00330208 0.0033022
 0.00329738 0.00328348 0.00331196 0.00329938 0.0033022  0.0033208
 0.00330216 0.00324855 0.00329862 0.00326523 0.00324855 0.00331101
 0.00331154 0.00331154 0.0033115  0.00329862 0.00326513 0.00324678
 0.00331166 0.00329823 0.00329862 0.00330216 0.00330193 0.00331112
 0.00330216 0.00326513 0.00329823 0.00331146 0.00331154 0.0033124
 0.00331241 0.00333697 0.00333708 0.0033124  0.00335902 0.00333708
 0.00333704 0.00333685 0.00333704 0.00333696 0.00333715 0.00331241
 0.00333696 0.00331163 0.00331167 0.00331163 0.00332106 0.00331163
 0.00330211 0.00330224 0.00330224 0.00331163 0.00330232 0.00330236
 0.00331163 0.00330231 0.00330224 0.00331235 0.0033022  0.00330228
 0.00332333 0.00332336 0.00332344 0.00333442 0.0033345  0.00332335
 0.00333493 0.00332343 0.0033235  0.00330207 0.00330232 0.00330236
 0.00330228 0.00332336 0.00332336 0.00332337 0.00334879 0.00332405
 0.00333701 0.00334879 0.00332405 0.00333713 0.00334903 0.00332405
 0.00331235 0.00333713 0.00333481 0.00330172 0.00332343 0.00332343
 0.0033241  0.00333708 0.00336079 0.00331269 0.0033241  0.00333708
 0.00331269 0.00330216 0.0033241  0.0033372  0.00333496 0.0033007
 0.00329954 0.00329962 0.00329954 0.00329951 0.00329942 0.0033007
 0.00329951 0.00329961 0.00329937 0.0032996  0.00329949 0.00330207
 0.00330215 0.00330078 0.00330071 0.00330034 0.00330001 0.00330077
 0.0033007  0.00330032 0.00330046 0.00330019 0.00329949 0.00329916
 0.00330019 0.00329949 0.00330008 0.00329938 0.0033004  0.00330003
 0.00329933 0.00330013]"
-4.119211177070233	"[0.00344447 0.00330736 0.00330736 0.00330725 0.00339623 0.00333764
 0.00333768 0.00330749 0.00333654 0.00336738 0.00330749 0.00330748
 0.00330734 0.00330736 0.00336703 0.00330748 0.00333747 0.00337236
 0.00330737 0.00330721 0.00330734 0.00330748 0.00333725 0.00330701
 0.00333775 0.00330749 0.00333768 0.0033074  0.00330749 0.0033378
 0.00333757 0.00330695 0.00333756 0.00336984 0.00330736 0.00336716
 0.0033067  0.00347811 0.00336698 0.00330749 0.00330737 0.00337217
 0.00333735 0.00330735 0.00330749 0.00333687 0.00330736 0.00330736
 0.00330749 0.00347774 0.00333779 0.00330748 0.00354336 0.00330725
 0.00330749 0.0033408  0.00330736 0.00330749 0.00330736 0.00333756
 0.00330748 0.00330742 0.00330734 0.00330736 0.00330736 0.00333779
 0.00330749 0.00330736 0.00347414 0.00354349 0.00330749 0.00330735
 0.00330709 0.00330736 0.00333779 0.00330736 0.00330725 0.00333779
 0.00334031 0.00333765 0.00330724 0.0032133  0.00322008 0.00321957
 0.00330724 0.00321378 0.00321956 0.00328447 0.00330764 0.00330763
 0.00330764 0.00330759 0.00328458 0.00330742 0.00328481 0.00328481
 0.00328492 0.00330752 0.0033379  0.00330755 0.00328459 0.00330755
 0.00330764 0.00328447 0.00330764 0.00330719 0.00330783 0.00333845
 0.00336864 0.00328468 0.00330797 0.00330763 0.00328471 0.00328458
 0.00328434 0.00330741 0.00330754 0.00330723 0.00330723 0.00328447
 0.0032847  0.00328482 0.00330768 0.00330757 0.00330754 0.00330754
 0.00328446 0.00328271 0.00327482 0.00327459 0.00327432 0.00328256
 0.00328446 0.00330772 0.00328449 0.00330754 0.00330786 0.00330764
 0.00330755 0.00330755 0.00328434 0.00328459 0.00328447 0.00330754
 0.00330746 0.00328434 0.00328447 0.00328447 0.00328471 0.00330772
 0.00333849 0.00333822 0.00330769 0.00328459 0.00330563 0.00328269
 0.00328269 0.00328447 0.00328458 0.00333839 0.00320323 0.00320323
 0.00328187 0.00330723 0.00321341 0.00320323 0.0032847  0.00328434
 0.00328134 0.0032746  0.00330767 0.00328256 0.00328434 0.00333811
 0.00328447 0.00320323 0.00328192 0.00321992 0.00320323 0.00330727
 0.0033074  0.0033074  0.00330754 0.0032819  0.00321941 0.00320323
 0.00330756 0.00328179 0.0032819  0.00328447 0.00328442 0.00330723
 0.00328447 0.0032194  0.0032818  0.00330769 0.0033074  0.00330816
 0.00330827 0.00337442 0.00337447 0.00330816 0.00343683 0.00337448
 0.00337454 0.00337436 0.00337455 0.00337441 0.0033746  0.00330827
 0.00337442 0.0033074  0.0033073  0.00330739 0.00333781 0.00330743
 0.00328476 0.0032844  0.0032844  0.0033074  0.00328407 0.00328392
 0.00330739 0.00328405 0.00328441 0.00330826 0.00328449 0.00328428
 0.00333957 0.0033396  0.00333988 0.00337107 0.00337135 0.00333978
 0.00337152 0.00333976 0.00334004 0.00328445 0.00328407 0.00328394
 0.00328424 0.0033396  0.0033396  0.00333963 0.00340631 0.00334046
 0.00337435 0.00340632 0.00334047 0.00337441 0.00340642 0.00334047
 0.00330826 0.00337441 0.00337123 0.00328428 0.00333976 0.00333976
 0.00334044 0.00337447 0.00343806 0.00330835 0.00334044 0.00337448
 0.00330834 0.00328468 0.00334046 0.00337453 0.00337165 0.00328322
 0.00328207 0.00328227 0.00328206 0.00328227 0.00328206 0.00328322
 0.00328226 0.00328214 0.00328211 0.00328214 0.00328213 0.00328463
 0.00328436 0.00328369 0.00328341 0.00328333 0.00328269 0.00328352
 0.00328324 0.00328316 0.00328361 0.00328297 0.00328216 0.00328223
 0.00328296 0.00328216 0.00328296 0.00328215 0.00328345 0.00328301
 0.0032822  0.003283  ]"
-3.295405694688611	"[0.0035229  0.00330909 0.00330928 0.00330926 0.00339348 0.00333656
 0.00333638 0.00330895 0.00333823 0.0033642  0.00330894 0.00330894
 0.00331007 0.00330909 0.00336471 0.00330894 0.0033368  0.00339031
 0.0033091  0.00330922 0.00330936 0.00330894 0.00333714 0.00330948
 0.00333639 0.00330894 0.00333638 0.00330886 0.00330894 0.00333622
 0.00333656 0.00330963 0.00333655 0.0033769  0.00330909 0.00336455
 0.00330982 0.00357726 0.00336499 0.00330894 0.0033091  0.00338751
 0.0033369  0.00330909 0.00330894 0.00333757 0.00330909 0.0033091
 0.00330894 0.00357509 0.00333623 0.00330894 0.00366313 0.00330926
 0.00330894 0.00335951 0.00330909 0.00330894 0.00330909 0.00333655
 0.00330894 0.0033105  0.00331007 0.00330909 0.0033091  0.00333622
 0.00330894 0.00330928 0.00355354 0.00366385 0.00330894 0.00330909
 0.0033095  0.0033091  0.00333623 0.0033086  0.00330927 0.00333623
 0.00335304 0.00333636 0.00330631 0.00316929 0.00317808 0.0031776
 0.00330631 0.00317078 0.0031776  0.0032835  0.00330842 0.00330822
 0.00330843 0.00330818 0.00328333 0.00330874 0.00328294 0.00328294
 0.00328277 0.00330856 0.00333551 0.00330859 0.00328334 0.00330859
 0.00330842 0.0032835  0.00330842 0.00330913 0.00330834 0.00333501
 0.00336207 0.00328314 0.0033082  0.00330822 0.00328317 0.00328333
 0.00328366 0.00330874 0.00330858 0.00330632 0.00330631 0.0032835
 0.00328316 0.003283   0.00330845 0.00330862 0.00330859 0.00330859
 0.00328349 0.00327111 0.00323662 0.00323524 0.00323538 0.00327074
 0.0032835  0.00330851 0.00328324 0.00330858 0.00330837 0.00330843
 0.00330859 0.00330859 0.00328366 0.00328334 0.0032835  0.00330916
 0.00330908 0.00328366 0.0032835  0.0032835  0.00328317 0.00330851
 0.00333503 0.0033353  0.00330846 0.00328334 0.00329671 0.00327109
 0.00327108 0.0032835  0.00328332 0.00333522 0.00312259 0.00312146
 0.0032619  0.00330632 0.00316939 0.00312145 0.00328316 0.00328366
 0.00326179 0.00323524 0.00331115 0.00327075 0.00328366 0.00333547
 0.0032835  0.00311001 0.00326164 0.00317791 0.00311001 0.00330561
 0.00330872 0.00330872 0.00330859 0.00326163 0.00317743 0.00310048
 0.0033094  0.00326375 0.00326163 0.0032835  0.0032821  0.00330631
 0.0032835  0.00317743 0.00326374 0.00330847 0.00330872 0.00331393
 0.00331407 0.00340464 0.00340528 0.00331393 0.00347888 0.00340528
 0.00340471 0.00340293 0.00340471 0.00340357 0.00340535 0.00331407
 0.00340357 0.00330912 0.0033093  0.00330911 0.00333649 0.00330916
 0.00328331 0.00328385 0.00328385 0.00330912 0.00328404 0.00328417
 0.00330911 0.00328401 0.00328387 0.00331374 0.00328364 0.003284
 0.00334645 0.00334757 0.00334745 0.00338193 0.00338185 0.00334657
 0.00338526 0.00334794 0.00334782 0.00328304 0.00328404 0.0032842
 0.00328395 0.00334755 0.00334758 0.00334761 0.00344762 0.00335537
 0.00340486 0.00344763 0.00335538 0.0034055  0.00344889 0.00335538
 0.00331374 0.00340551 0.00338514 0.003281   0.00334792 0.00334795
 0.00335565 0.00340493 0.00349056 0.00331584 0.00335565 0.00340493
 0.00331584 0.00328359 0.00335566 0.00340558 0.00338839 0.00327454
 0.00326721 0.00326809 0.00326721 0.00326749 0.00326662 0.00327454
 0.00326749 0.0032683  0.00326655 0.00326829 0.0032677  0.00328313
 0.00328341 0.00327741 0.00327754 0.00327452 0.00327386 0.00327732
 0.00327745 0.00327432 0.00327459 0.00327128 0.00326702 0.00326445
 0.00327128 0.00326701 0.00327071 0.00326643 0.00327421 0.00327046
 0.00326635 0.00327102]"
-2.4717189797174948	"[0.00404693 0.00330123 0.00330169 0.00330164 0.00342088 0.00333993
 0.0033396  0.00330092 0.00334389 0.00337753 0.0033009  0.0033009
 0.00330627 0.00330123 0.00337879 0.00330089 0.00334054 0.00352246
 0.00330124 0.00330158 0.00330235 0.0033009  0.0033413  0.00330221
 0.00333958 0.0033009  0.00333959 0.00330027 0.0033009  0.00333925
 0.00334001 0.00330238 0.00333992 0.00344809 0.00330123 0.00337842
 0.00330309 0.00425672 0.00337951 0.0033009  0.00330125 0.00350584
 0.00334077 0.00330121 0.0033009  0.00334219 0.00330123 0.00330123
 0.0033009  0.00425138 0.00333924 0.00330089 0.00454174 0.00330164
 0.0033009  0.00346837 0.00330123 0.0033009  0.00330123 0.00333993
 0.00330089 0.00330928 0.00330627 0.00330123 0.00330123 0.00333923
 0.0033009  0.00330169 0.00410389 0.00454597 0.0033009  0.00330121
 0.00330208 0.00330123 0.00333924 0.00329959 0.00330164 0.00333924
 0.00343084 0.00333952 0.00328909 0.00282373 0.00286618 0.00286125
 0.0032891  0.00283092 0.0028612  0.0032653  0.00329976 0.00329927
 0.00329977 0.00329921 0.00326489 0.00330047 0.00326406 0.00326405
 0.00326366 0.0033001  0.00333774 0.00330016 0.00326497 0.00330016
 0.00329975 0.00326529 0.00329976 0.00330135 0.00329948 0.00333643
 0.0033719  0.00326451 0.00329919 0.00329927 0.00326456 0.00326489
 0.00326562 0.00330047 0.00330015 0.0032891  0.00328908 0.0032653
 0.00326454 0.00326417 0.00329987 0.00330022 0.00330016 0.00330016
 0.00326527 0.00319979 0.00311295 0.00310569 0.00310504 0.00319729
 0.00326529 0.00329985 0.00326418 0.00330015 0.00329956 0.00329977
 0.00330017 0.00330017 0.00326562 0.00326497 0.00326529 0.0033028
 0.00330216 0.00326562 0.0032653  0.0032653  0.00326457 0.00329994
 0.00333666 0.00333727 0.00329989 0.00326496 0.00323745 0.00319934
 0.00319937 0.0032653  0.00326489 0.00333693 0.00273868 0.00273118
 0.0031495  0.0032891  0.00282407 0.00273113 0.00326454 0.00326562
 0.00314964 0.0031057  0.00331442 0.00319727 0.00326562 0.00333767
 0.0032653  0.00269825 0.00314791 0.00286566 0.00269825 0.00328298
 0.00330044 0.00330044 0.00330016 0.00314778 0.00286072 0.00252829
 0.00330333 0.00315873 0.00314778 0.0032653  0.00325728 0.00328908
 0.00326529 0.00286068 0.00315882 0.0032999  0.00330044 0.00332616
 0.00332783 0.0036021  0.00360815 0.00332616 0.00378745 0.00360821
 0.00360601 0.00359207 0.00360608 0.00359805 0.00361214 0.00332783
 0.00359811 0.00330135 0.0033017  0.00330133 0.00333992 0.00330139
 0.00326486 0.00326602 0.00326602 0.00330135 0.00326664 0.00326691
 0.00330133 0.00326657 0.00326606 0.00332563 0.00326555 0.00326635
 0.00339452 0.0034012  0.00340171 0.00347759 0.00347809 0.00339585
 0.00349915 0.00340379 0.00340429 0.0032624  0.00326651 0.00326679
 0.00326626 0.00340124 0.00340119 0.00340181 0.00373533 0.00344464
 0.00360279 0.00373545 0.00344698 0.00360884 0.00374748 0.00344698
 0.00332563 0.00360891 0.00349805 0.00325053 0.00340383 0.00340378
 0.00344837 0.00360671 0.00387498 0.00333924 0.00344838 0.00360678
 0.00333919 0.00326546 0.00344849 0.00361283 0.00351794 0.00321771
 0.00317907 0.00318496 0.00317901 0.00318164 0.00317353 0.00321771
 0.00318158 0.00318558 0.00317373 0.00318552 0.00317996 0.00326443
 0.00326505 0.003234   0.0032334  0.00321587 0.00321057 0.00323318
 0.00323257 0.00321388 0.00321703 0.00319934 0.00317843 0.00316243
 0.00319928 0.00317838 0.00319409 0.0031729  0.00321465 0.00319347
 0.00317308 0.00319697]"
-5.33621658723588	"[1.00000001e-10 1.00000000e-10 1.00001785e-10 1.00010679e-10
 1.00053538e-10 1.00240001e-10 1.00229126e-10 1.00000000e-10
 1.00271074e-10 1.00052901e-10 1.00000000e-10 1.00007650e-10
 1.00000000e-10 1.00000000e-10 1.00045809e-10 1.00000000e-10
 1.01482258e-10 1.00019288e-10 1.00000000e-10 1.00002264e-10
 1.00070834e-10 1.00000000e-10 1.01845819e-10 1.00000000e-10
 1.00228830e-10 1.00000000e-10 1.00229695e-10 1.00000000e-10
 1.00000000e-10 1.00228806e-10 1.00276826e-10 1.00000000e-10
 1.00238440e-10 1.00039278e-10 1.00000000e-10 1.00062589e-10
 1.00000000e-10 2.28008553e-05 1.00023891e-10 1.00000000e-10
 1.00000000e-10 1.00028592e-10 1.00953365e-10 1.00000000e-10
 1.00000000e-10 1.00269324e-10 1.00000000e-10 1.00000000e-10
 1.00000000e-10 1.06812727e-05 1.00225591e-10 1.00000000e-10
 4.75047448e-01 1.00000374e-10 1.00000000e-10 1.01596840e-08
 1.00000000e-10 1.00000000e-10 1.00000000e-10 1.00236527e-10
 1.00000000e-10 1.00003646e-10 1.00000000e-10 1.00000000e-10
 1.00000000e-10 1.00224176e-10 1.00000000e-10 1.00000000e-10
 1.00000001e-10 5.15723847e-01 1.00000000e-10 1.00000000e-10
 1.00000000e-10 1.00000000e-10 1.00229167e-10 1.00000000e-10
 1.00002218e-10 1.00229660e-10 1.00000000e-10 1.00232749e-10
 1.00000000e-10 1.00000000e-10 1.00002319e-10 1.00023588e-10
 1.00000000e-10 1.00000000e-10 1.00027310e-10 1.00000000e-10
 1.00000000e-10 1.00178488e-10 1.00000343e-10 1.00181333e-10
 1.00000000e-10 1.00006393e-10 1.00005542e-10 1.00000000e-10
 1.00000000e-10 1.00000840e-10 1.01039153e-10 1.00000000e-10
 1.00000000e-10 1.00000000e-10 1.00001298e-10 1.00002523e-10
 1.00002067e-10 1.00000000e-10 1.00000000e-10 1.00568511e-10
 1.00000713e-10 1.00000000e-10 1.00000000e-10 1.00176523e-10
 1.00005505e-10 1.00000000e-10 1.00000000e-10 1.00002628e-10
 1.00000019e-10 1.00000000e-10 1.00000000e-10 1.00006292e-10
 1.00000000e-10 1.00003179e-10 1.00000000e-10 1.00005237e-10
 1.00000000e-10 1.00005764e-10 1.00004341e-10 1.00005144e-10
 1.00010591e-10 1.00009848e-10 1.00012541e-10 1.00003032e-10
 1.00000000e-10 1.00001528e-10 1.00000000e-10 1.00003999e-10
 1.00000000e-10 1.00004183e-10 1.00003525e-10 1.00001258e-10
 1.00000000e-10 1.00001831e-10 1.00002211e-10 1.00000000e-10
 1.00479636e-10 1.00000000e-10 1.00000000e-10 1.00000000e-10
 1.00000000e-10 1.00004172e-10 1.01030410e-10 1.01040182e-10
 1.00002729e-10 1.00000000e-10 1.00004156e-10 1.00001199e-10
 1.00003816e-10 1.00000000e-10 1.00000000e-10 1.00587588e-10
 1.00000000e-10 1.00000000e-10 1.00014096e-10 1.00000000e-10
 1.00000000e-10 1.00000000e-10 1.00005295e-10 1.00003197e-10
 1.00033769e-10 1.00006131e-10 1.00770479e-10 1.00001632e-10
 1.00000000e-10 1.01438496e-10 1.00000000e-10 1.00000000e-10
 1.00000770e-10 1.00012608e-10 1.00000000e-10 1.00562446e-10
 1.00000594e-10 1.00001833e-10 1.00001590e-10 1.00000290e-10
 1.00019142e-10 1.00005127e-10 1.00000000e-10 1.00000000e-10
 1.00001517e-10 1.00000000e-10 1.00000000e-10 1.00000000e-10
 1.00000000e-10 1.00037741e-10 1.00000000e-10 1.00003195e-10
 1.00004029e-10 1.00295249e-10 1.00332425e-10 1.00012053e-10
 1.00015640e-10 1.00298326e-10 1.00003913e-10 1.00012717e-10
 1.00015415e-10 1.00014080e-10 1.00014837e-10 1.00015666e-10
 1.00012627e-10 1.00334062e-10 1.00015671e-10 1.00000000e-10
 1.00000000e-10 1.00000000e-10 1.00231078e-10 1.00000000e-10
 1.00000000e-10 1.00000000e-10 1.00000000e-10 1.00000000e-10
 1.00000000e-10 1.00001119e-10 1.00000000e-10 1.00000000e-10
 1.00000000e-10 1.00110319e-10 1.00000000e-10 1.00000000e-10
 1.00000000e-10 1.00000000e-10 1.00000027e-10 1.00029606e-10
 1.00031853e-10 1.84678982e-04 1.00028209e-10 1.00000000e-10
 1.00000000e-10 1.00000000e-10 1.00001165e-10 1.00000000e-10
 1.00000000e-10 1.00001812e-10 1.00000076e-10 1.00000848e-10
 1.00009353e-10 2.82570028e-03 1.00012185e-10 1.00005213e-10
 3.09165488e-03 1.00009562e-10 1.00005321e-10 3.09168772e-03
 1.00107471e-10 1.00009161e-10 1.00023867e-10 1.00002623e-10
 1.00000000e-10 1.00000000e-10 1.00966456e-10 1.00015318e-10
 1.46561376e-06 1.00000000e-10 1.00966940e-10 1.00012856e-10
 1.00000000e-10 1.00000000e-10 1.00970367e-10 1.00014170e-10
 1.00025053e-10 1.00004901e-10 1.00006908e-10 1.00008292e-10
 1.00008149e-10 1.00010946e-10 1.00007894e-10 1.00003028e-10
 1.00005781e-10 1.00007740e-10 1.00011418e-10 1.00010168e-10
 1.00003590e-10 1.00000000e-10 1.00000000e-10 1.00000000e-10
 1.00001488e-10 1.00002397e-10 1.00005513e-10 1.00004680e-10
 1.00004135e-10 1.00003506e-10 1.00008058e-10 1.00005874e-10
 1.00005834e-10 1.00007203e-10 1.00003485e-10 1.00007705e-10
 1.00006780e-10 1.00012248e-10 1.00002773e-10 1.00006239e-10
 1.00009652e-10 1.00008624e-10]"
-6.291957308573805	"[1.00000000e-10 3.34885365e-09 3.34926322e-09 3.36212187e-09
 1.00000000e-10 1.00000000e-10 1.00000000e-10 3.33573206e-09
 6.31977930e-10 1.00000000e-10 3.33634447e-09 3.33594742e-09
 3.38736201e-09 3.34862420e-09 1.00000000e-10 3.33556915e-09
 1.00000000e-10 1.00000000e-10 3.34830374e-09 3.36255998e-09
 3.36160962e-09 3.33600725e-09 1.00000000e-10 3.37603969e-09
 1.00000000e-10 3.33599215e-09 1.00000000e-10 3.33613006e-09
 3.33599301e-09 1.00000000e-10 1.00000000e-10 3.37409364e-09
 1.00000000e-10 1.00000000e-10 3.34855999e-09 1.00000000e-10
 3.39213421e-09 1.00000000e-10 1.00000000e-10 3.33587534e-09
 3.34837482e-09 1.00000000e-10 1.00000000e-10 3.34845589e-09
 3.33584987e-09 1.00000000e-10 3.34866121e-09 3.34847923e-09
 3.33594391e-09 1.60925076e-08 1.00000000e-10 3.33576455e-09
 6.60241318e-06 3.36203763e-09 3.33563552e-09 2.32747240e-09
 3.34851709e-09 3.33604001e-09 3.34850777e-09 1.00000000e-10
 3.33563087e-09 3.39962820e-09 3.38732588e-09 3.34836843e-09
 3.34840316e-09 1.00000000e-10 3.33601074e-09 3.34914666e-09
 1.00000000e-10 9.98141818e-01 3.33609757e-09 3.34829125e-09
 3.36191013e-09 3.34820699e-09 1.00000000e-10 3.33507364e-09
 3.36190641e-09 1.00000000e-10 2.56874215e-09 1.00000000e-10
 3.28348251e-09 3.04158018e-10 3.52362046e-10 1.77790562e-10
 3.28364810e-09 3.11868587e-10 6.20757190e-10 4.69710100e-10
 3.32217002e-09 3.32102569e-09 3.32199635e-09 3.32146788e-09
 8.79878157e-09 3.34679287e-09 8.79858492e-09 8.79853786e-09
 8.79864645e-09 3.33463278e-09 1.00000000e-10 3.33416537e-09
 4.66940260e-10 3.33437276e-09 3.32208868e-09 4.69749497e-10
 3.32212525e-09 3.37419204e-09 3.30852345e-09 1.00000000e-10
 1.00000000e-10 4.63600990e-10 3.29619122e-09 3.32128249e-09
 4.63556488e-10 8.79914303e-09 2.07659201e-09 3.34661776e-09
 3.33418971e-09 3.28319688e-09 3.28329003e-09 4.69813466e-10
 4.63755508e-10 8.79874244e-09 3.32215940e-09 3.33422809e-09
 3.33458261e-09 3.33451061e-09 4.69874991e-10 4.81782634e-10
 5.05394752e-10 5.02640467e-10 5.02568647e-10 4.81705582e-10
 4.69735957e-10 3.32015397e-09 4.66642868e-10 3.33418068e-09
 3.30817648e-09 3.32188629e-09 3.33439132e-09 3.33435803e-09
 2.07657157e-09 4.66883237e-10 4.69691826e-10 3.35924955e-09
 3.35957634e-09 2.07659196e-09 4.69855875e-10 4.69814278e-10
 4.63571460e-10 3.32192364e-09 1.00000000e-10 1.00000000e-10
 3.32198796e-09 4.66874213e-10 3.07093162e-09 4.81567690e-10
 4.81657329e-10 4.69835780e-10 8.79903611e-09 1.00000000e-10
 3.60685519e-10 1.86685140e-10 4.60145022e-10 3.28317359e-09
 3.06736558e-10 6.29610023e-10 4.63607046e-10 2.07669190e-09
 6.95723885e-10 5.02654407e-10 3.62153718e-09 4.81681325e-10
 2.07664191e-09 1.00000000e-10 4.69787518e-10 4.29807563e-10
 4.57152240e-10 3.49619667e-10 4.29717820e-10 3.25979152e-09
 3.34655731e-09 3.34650416e-09 3.33446639e-09 4.57220409e-10
 1.75121723e-10 5.74270353e-10 3.35992799e-09 7.17517558e-10
 4.57264913e-10 4.69736786e-10 4.57853674e-10 3.28334217e-09
 4.69735289e-10 6.18100486e-10 2.74658153e-10 3.32204743e-09
 3.34651760e-09 3.45445862e-09 3.45347725e-09 1.00000000e-10
 1.00000000e-10 3.45438118e-09 1.00000000e-10 1.00000000e-10
 1.00000000e-10 1.00000000e-10 1.00000000e-10 1.00000000e-10
 1.00000000e-10 3.45353944e-09 1.00000000e-10 3.34820767e-09
 3.36036481e-09 3.34813089e-09 1.00000000e-10 3.34808831e-09
 8.79900226e-09 4.70151598e-10 4.70133606e-10 3.34825234e-09
 4.76533316e-10 4.79452900e-10 3.34819722e-09 4.76561307e-10
 4.70108633e-10 3.44020180e-09 8.79952697e-09 8.79852043e-09
 3.53726066e-09 3.53726304e-09 3.53732600e-09 1.00000000e-10
 1.00000000e-10 3.64050861e-09 1.00000000e-10 3.52870814e-09
 3.52872291e-09 4.61248276e-10 8.79894355e-09 8.79705837e-09
 8.79906971e-09 3.53733418e-09 3.53725270e-09 3.53727715e-09
 1.00000000e-10 2.88569769e-09 1.00000000e-10 1.00000000e-10
 2.88564087e-09 1.00000000e-10 1.00000000e-10 2.88570462e-09
 3.44019492e-09 1.00000000e-10 1.00000000e-10 2.64436404e-10
 3.52862404e-09 3.52873928e-09 2.80892206e-09 1.00000000e-10
 1.85116726e-03 3.26395274e-09 2.80888493e-09 1.00000000e-10
 3.70680612e-09 4.64320591e-10 2.80891413e-09 1.00000000e-10
 1.00000000e-10 4.19763929e-10 2.15686672e-10 3.88568321e-10
 6.58635435e-10 2.12239550e-10 4.82363356e-10 4.19759941e-10
 6.55146229e-10 2.18306768e-10 4.79405595e-10 6.61187434e-10
 4.85036456e-10 4.64018782e-10 4.69910461e-10 2.43387134e-10
 6.92303071e-10 5.07324662e-10 4.98441914e-10 2.45451328e-10
 6.95331743e-10 5.07517189e-10 5.07416659e-10 2.32766727e-10
 2.12580568e-10 4.67768363e-10 6.75704837e-10 6.55516959e-10
 4.99414186e-10 4.79281556e-10 5.07456521e-10 4.96370599e-10
 4.76305658e-10 4.98731218e-10]"
-6.999999582864803	"[1.25330487e-10 1.00000000e-10 1.00135384e-10 1.00000000e-10
 1.00435055e-10 1.00068993e-10 1.00000000e-10 1.00000000e-10
 1.00000000e-10 1.00000000e-10 1.00055004e-10 1.00000000e-10
 1.00000000e-10 1.00000000e-10 1.00000000e-10 1.00000000e-10
 1.00065051e-10 1.16818261e-10 1.00000000e-10 1.00382631e-10
 1.00483161e-10 1.00000000e-10 1.00000000e-10 1.00000000e-10
 1.00000000e-10 1.00000000e-10 1.00000000e-10 1.00000000e-10
 1.00000000e-10 1.00000000e-10 1.00000000e-10 1.00000000e-10
 1.00000000e-10 1.08368606e-10 1.00000000e-10 1.00000000e-10
 1.00000000e-10 1.33751449e-10 1.00000000e-10 1.00000000e-10
 1.00000000e-10 1.16790477e-10 1.00000000e-10 1.00000000e-10
 1.00013537e-10 1.00000000e-10 1.00000000e-10 1.00000000e-10
 1.00000000e-10 1.33716901e-10 1.00000000e-10 1.00000000e-10
 1.50513530e-10 1.00000000e-10 1.00000000e-10 1.08331050e-10
 1.00000000e-10 1.00162695e-10 1.00000000e-10 1.00000000e-10
 1.00019366e-10 1.00000000e-10 1.00083870e-10 1.00000000e-10
 1.00000000e-10 1.00000000e-10 1.00000000e-10 1.00000000e-10
 1.25266947e-10 9.99999970e-01 1.00000000e-10 1.00000000e-10
 1.00000000e-10 1.00000000e-10 1.00000000e-10 1.00000000e-10
 1.00000000e-10 1.00000000e-10 1.08191606e-10 1.00000000e-10
 1.00000000e-10 1.00000000e-10 1.00000000e-10 1.00000000e-10
 1.00042680e-10 1.00000000e-10 1.00000000e-10 1.00000000e-10
 1.00000000e-10 1.00000000e-10 1.00000000e-10 1.00000000e-10
 1.00000000e-10 1.00010539e-10 1.00000000e-10 1.00000000e-10
 1.00000000e-10 1.00000000e-10 1.00000000e-10 1.00000000e-10
 1.00051173e-10 1.00000000e-10 1.00000000e-10 1.00000000e-10
 1.00000000e-10 1.00000000e-10 1.00000000e-10 1.00000000e-10
 1.00000000e-10 1.00000000e-10 1.00000000e-10 1.00000000e-10
 1.00000000e-10 1.00000000e-10 1.00000000e-10 1.00009707e-10
 1.00000000e-10 1.00000000e-10 1.00000000e-10 1.00000000e-10
 1.00000000e-10 1.00000000e-10 1.00000000e-10 1.00000000e-10
 1.00000000e-10 1.00000000e-10 1.00000000e-10 1.00000000e-10
 1.00000000e-10 1.00000000e-10 1.00000000e-10 1.00000000e-10
 1.00000000e-10 1.00000000e-10 1.00000000e-10 1.00000000e-10
 1.00000000e-10 1.00000000e-10 1.00000000e-10 1.00000000e-10
 1.00000000e-10 1.00000000e-10 1.00000000e-10 1.00000000e-10
 1.00000000e-10 1.00000000e-10 1.00000000e-10 1.00000000e-10
 1.00000000e-10 1.00000000e-10 1.00000000e-10 1.00000000e-10
 1.00000000e-10 1.00000000e-10 1.00000000e-10 1.00000000e-10
 1.00000000e-10 1.00000000e-10 1.00000000e-10 1.00000000e-10
 1.00000000e-10 1.00000000e-10 1.00000000e-10 1.00000000e-10
 1.00000000e-10 1.00000000e-10 1.00000000e-10 1.00000000e-10
 1.00000000e-10 1.00000000e-10 1.00000000e-10 1.00000000e-10
 1.00000000e-10 1.00000000e-10 1.00000000e-10 1.00000000e-10
 1.00000000e-10 1.00000000e-10 1.00000000e-10 1.00000000e-10
 1.00000000e-10 1.00000000e-10 1.00000000e-10 1.00000000e-10
 1.00000000e-10 1.00000000e-10 1.00000000e-10 1.00000000e-10
 1.00000000e-10 1.00000000e-10 1.00000000e-10 1.00000000e-10
 1.00000000e-10 1.00000000e-10 1.00000000e-10 1.00000000e-10
 1.00000000e-10 1.00000000e-10 1.00000000e-10 1.08323057e-10
 1.08311066e-10 1.00000000e-10 1.08291078e-10 1.16798922e-10
 1.08318394e-10 1.08282645e-10 1.16776199e-10 1.08301962e-10
 1.16796057e-10 1.00000000e-10 1.16794376e-10 1.00000000e-10
 1.00000000e-10 1.00000000e-10 1.00000000e-10 1.00000000e-10
 1.00000000e-10 1.00000000e-10 1.00000000e-10 1.00000000e-10
 1.00000000e-10 1.00000000e-10 1.00000000e-10 1.00000000e-10
 1.00000000e-10 1.00000000e-10 1.00000000e-10 1.00000000e-10
 1.08347482e-10 1.08293081e-10 1.08285753e-10 1.08294857e-10
 1.16810015e-10 1.08284643e-10 1.16801830e-10 1.08267990e-10
 1.08275761e-10 1.00000000e-10 1.00000000e-10 1.00000000e-10
 1.00000000e-10 1.08287530e-10 1.08278648e-10 1.08298410e-10
 1.08282645e-10 1.08287085e-10 1.08312621e-10 1.25276193e-10
 1.08312843e-10 1.08290638e-10 1.25315374e-10 1.08287752e-10
 1.00000000e-10 1.16796886e-10 1.16798277e-10 1.00000000e-10
 1.08301962e-10 1.08305071e-10 1.08303961e-10 1.08298188e-10
 1.33788417e-10 1.08285531e-10 1.08299964e-10 1.16801396e-10
 1.00000000e-10 1.00000000e-10 1.08311510e-10 1.16788063e-10
 1.16789395e-10 1.00000000e-10 1.00000000e-10 1.00000000e-10
 1.00000000e-10 1.00000000e-10 1.00000000e-10 1.00000000e-10
 1.00000000e-10 1.00000000e-10 1.00000000e-10 1.00000000e-10
 1.00000000e-10 1.00000000e-10 1.00000000e-10 1.00000000e-10
 1.00000000e-10 1.00000000e-10 1.00000000e-10 1.00000000e-10
 1.00000000e-10 1.00000000e-10 1.00000000e-10 1.00000000e-10
 1.00000000e-10 1.00000000e-10 1.00000000e-10 1.00000000e-10
 1.00000000e-10 1.00000000e-10 1.00000000e-10 1.00000000e-10
 1.00000000e-10 1.00000000e-10]"
