F vs T	p vs T
-8.810571634741144	"[0.00222717 0.00222717 0.00222717 0.00222717 0.00222717 0.00222717
 0.00222717 0.00222717 0.00222717 0.00222717 0.00222717 0.00222717
 0.00222717 0.00222717 0.00222717 0.00222717 0.00222717 0.00222717
 0.00222717 0.00222717 0.00222717 0.00222717 0.00222717 0.00222717
 0.00222717 0.00222717 0.00222717 0.00222717 0.00222717 0.00222717
 0.00222717 0.00222717 0.00222717 0.00222717 0.00222717 0.00222717
 0.00222717 0.00222717 0.00222717 0.00222717 0.00222717 0.00222717
 0.00222717 0.00222717 0.00222717 0.00222717 0.00222717 0.00222717
 0.00222717 0.00222717 0.00222717 0.00222717 0.00222717 0.00222717
 0.00222717 0.00222717 0.00222717 0.00222717 0.00222717 0.00222717
 0.00222717 0.00222717 0.00222717 0.00222717 0.00222717 0.00222717
 0.00222717 0.00222717 0.00222717 0.00222717 0.00222717 0.00222717
 0.00222717 0.00222717 0.00222717 0.00222717 0.00222717 0.00222717
 0.00222717 0.00222717 0.00222717 0.00222717 0.00222717 0.00222717
 0.00222717 0.00222717 0.00222717 0.00222717 0.00222717 0.00222717
 0.00222717 0.00222717 0.00222717 0.00222717 0.00222717 0.00222717
 0.00222717 0.00222717 0.00222717 0.00222717 0.00222717 0.00222717
 0.00222717 0.00222717 0.00222717 0.00222717 0.00222717 0.00222717
 0.00222717 0.00222717 0.00222717 0.00222717 0.00222717 0.00222717
 0.00222717 0.00222717 0.00222717 0.00222717 0.00222717 0.00222717
 0.00222717 0.00222717 0.00222717 0.00222717 0.00222717 0.00222717
 0.00222717 0.00222717 0.00222717 0.00222717 0.00222717 0.00222717
 0.00222717 0.00222717 0.00222717 0.00222717 0.00222717 0.00222717
 0.00222717 0.00222717 0.00222717 0.00222717 0.00222717 0.00222717
 0.00222717 0.00222717 0.00222717 0.00222717 0.00222717 0.00222717
 0.00222717 0.00222717 0.00222717 0.00222717 0.00222717 0.00222717
 0.00222717 0.00222717 0.00222717 0.00222717 0.00222717 0.00222717
 0.00222717 0.00222717 0.00222717 0.00222717 0.00222717 0.00222717
 0.00222717 0.00222717 0.00222717 0.00222717 0.00222717 0.00222717
 0.00222717 0.00222717 0.00222717 0.00222717 0.00222717 0.00222717
 0.00222717 0.00222717 0.00222717 0.00222717 0.00222717 0.00222717
 0.00222717 0.00222717 0.00222717 0.00222717 0.00222717 0.00222717
 0.00222717 0.00222717 0.00222717 0.00222717 0.00222717 0.00222717
 0.00222717 0.00222717 0.00222717 0.00222717 0.00222717 0.00222717
 0.00222717 0.00222717 0.00222717 0.00222717 0.00222717 0.00222717
 0.00222717 0.00222717 0.00222717 0.00222717 0.00222717 0.00222717
 0.00222717 0.00222717 0.00222717 0.00222717 0.00222717 0.00222717
 0.00222717 0.00222717 0.00222717 0.00222717 0.00222717 0.00222717
 0.00222717 0.00222717 0.00222717 0.00222717 0.00222717 0.00222717
 0.00222717 0.00222717 0.00222717 0.00222717 0.00222717 0.00222717
 0.00222717 0.00222717 0.00222717 0.00222717 0.00222717 0.00222717
 0.00222717 0.00222717 0.00222717 0.00222717 0.00222717 0.00222717
 0.00222717 0.00222717 0.00222717 0.00222717 0.00222717 0.00222717
 0.00222717 0.00222717 0.00222717 0.00222717 0.00222717 0.00222717
 0.00222717 0.00222717 0.00222717 0.00222717 0.00222717 0.00222717
 0.00222717 0.00222717 0.00222717 0.00222717 0.00222717 0.00222717
 0.00222717 0.00222717 0.00222717 0.00222717 0.00222717 0.00222717
 0.00222717 0.00222717 0.00222717 0.00222717 0.00222717 0.00222717
 0.00222717 0.00222717 0.00222717 0.00222717 0.00222717 0.00222717
 0.00222717 0.00222717 0.00222717 0.00222717 0.00222717 0.00222717
 0.00222717 0.00222717 0.00222717 0.00222717 0.00222717 0.00222717
 0.00222717 0.00222717 0.00222717 0.00222717 0.00222717 0.00222717
 0.00222717 0.00222717 0.00222717 0.00222717 0.00222717 0.00222717
 0.00222717 0.00222717 0.00222717 0.00222717 0.00222717 0.00222717
 0.00222717 0.00222717 0.00222717 0.00222717 0.00222717 0.00222717
 0.00222717 0.00222717 0.00222717 0.00222717 0.00222717 0.00222717
 0.00222717 0.00222717 0.00222717 0.00222717 0.00222717 0.00222717
 0.00222717 0.00222717 0.00222717 0.00222717 0.00222717 0.00222717
 0.00222717 0.00222717 0.00222717 0.00222717 0.00222717 0.00222717
 0.00222717 0.00222717 0.00222717 0.00222717 0.00222717 0.00222717
 0.00222717 0.00222717 0.00222717 0.00222717 0.00222717 0.00222717
 0.00222717 0.00222717 0.00222717 0.00222717 0.00222717 0.00222717
 0.00222717 0.00222717 0.00222717 0.00222717 0.00222717 0.00222717
 0.00222717 0.00222717 0.00222717 0.00222717 0.00222717 0.00222717
 0.00222717 0.00222717 0.00222717 0.00222717 0.00222717 0.00222717
 0.00222717 0.00222717 0.00222717 0.00222717 0.00222717 0.00222717
 0.00222717 0.00222717 0.00222717 0.00222717 0.00222717 0.00222717
 0.00222717 0.00222717 0.00222717 0.00222717 0.00222717 0.00222717
 0.00222717 0.00222717 0.00222717 0.00222717 0.00222717 0.00222717
 0.00222717 0.00222717 0.00222717 0.00222717 0.00222717 0.00222717
 0.00222717 0.00222717 0.00222717 0.00222717 0.00222717 0.00222717
 0.00222717 0.00222717 0.00222717 0.00222717 0.00222717 0.00222717
 0.00222717 0.00222717 0.00222717 0.00222717 0.00222717 0.00222717
 0.00222717 0.00222717 0.00222717 0.00222717 0.00222717 0.00222717
 0.00222717 0.00222717 0.00222717 0.00222717 0.00222717]"
-7.929548535898437	"[0.00222706 0.00222706 0.0022278  0.00222706 0.00222706 0.0022278
 0.0022278  0.00222706 0.00222706 0.00224404 0.00226157 0.00223554
 0.00222706 0.00222706 0.0022278  0.0022607  0.00226335 0.00222706
 0.0022278  0.00222706 0.00222706 0.00226246 0.00222706 0.0022278
 0.00222706 0.00222706 0.00222706 0.0022278  0.0022278  0.0022441
 0.00222706 0.00222706 0.00224499 0.00226334 0.0022279  0.00222706
 0.00222706 0.00222706 0.00222863 0.00222706 0.00225279 0.00222706
 0.00222706 0.00222855 0.00222706 0.00222706 0.00222707 0.00223117
 0.00222706 0.0022278  0.00222706 0.00222706 0.00222854 0.00224227
 0.00222706 0.00222706 0.00222706 0.00222706 0.00222706 0.00222706
 0.00222632 0.00222706 0.00222632 0.00222706 0.00222632 0.00222632
 0.00222632 0.00222632 0.00222632 0.00222632 0.00222706 0.00222779
 0.00221664 0.00221664 0.00221586 0.00221586 0.00221586 0.00221809
 0.00222631 0.00222457 0.00222091 0.00222091 0.00221586 0.00221586
 0.00221586 0.00222708 0.00221586 0.00222705 0.00221586 0.00221586
 0.00222622 0.00222622 0.00221586 0.00221586 0.00222091 0.0022209
 0.00222091 0.0022209  0.00222095 0.00222706 0.00222706 0.00222779
 0.00221586 0.00221586 0.00222708 0.00221586 0.00222705 0.00221586
 0.00221586 0.00222622 0.00221586 0.00222705 0.00221669 0.00221586
 0.00221586 0.00221586 0.00221586 0.00222622 0.00221586 0.00222455
 0.00222705 0.00221586 0.00222632 0.00222632 0.00222632 0.00222632
 0.00222706 0.00222707 0.00221586 0.00221586 0.00221586 0.00221586
 0.00222455 0.00221668 0.00222632 0.00222632 0.00222632 0.00222632
 0.00222706 0.00222632 0.00222632 0.00221586 0.00221658 0.00221586
 0.00222708 0.00222705 0.00222632 0.00221586 0.00222697 0.00221586
 0.00222622 0.00221586 0.00222455 0.00222705 0.00221586 0.00222707
 0.00222622 0.00222622 0.00222456 0.00222632 0.00222631 0.00222632
 0.00222632 0.00222632 0.00222632 0.00222632 0.00223042 0.00223042
 0.00223042 0.00223042 0.00222958 0.00222956 0.00223042 0.00223042
 0.00223042 0.00222958 0.00222956 0.00223124 0.00223125 0.00223039
 0.00222871 0.00222956 0.00223124 0.00223039 0.00222871 0.00222956
 0.00223039 0.00222871 0.00222956 0.0022287  0.00222957 0.00222957
 0.00222957 0.00222957 0.00222954 0.00223298 0.00223297 0.00222628
 0.00223042 0.00222708 0.00223204 0.00223298 0.00222789 0.00223209
 0.0022304  0.00223299 0.00223043 0.00223043 0.00223382 0.00222789
 0.00223128 0.00223122 0.00223042 0.00223043 0.00223299 0.00223128
 0.00223041 0.00223039 0.00223043 0.0022304  0.00222709 0.00223043
 0.00222789 0.00223121 0.00222789 0.00223128 0.00223122 0.00222789
 0.00222789 0.00222957 0.00222957 0.00222957 0.00222954 0.00222957
 0.00222957 0.00222954 0.00222957 0.00222954 0.00222954 0.00222632
 0.00223298 0.00223042 0.00223043 0.00223381 0.00223128 0.00222709
 0.00223041 0.00223042 0.00223043 0.00223298 0.00223128 0.0022304
 0.00223039 0.00223042 0.0022304  0.00222709 0.00223043 0.00222789
 0.00223121 0.00223128 0.00222709 0.00223041 0.00222789 0.00223043
 0.00223043 0.00223383 0.00223211 0.00222872 0.00223041 0.00223039
 0.00223043 0.00223041 0.00223043 0.00223041 0.00222789 0.00223211
 0.00222872 0.00222709 0.00223122 0.00222789 0.00222872 0.00222631
 0.00223039 0.00223043 0.00223041 0.00223043 0.00223041 0.00223211
 0.00222872 0.00223041 0.00222872 0.00223039 0.00223037 0.00223041
 0.00222629 0.00223041 0.00222789 0.00222789 0.00222872 0.00222622
 0.00222622 0.00222622 0.00222623 0.00222624 0.00222622 0.00222622
 0.00222623 0.00222624 0.00222622 0.00222623 0.00222624 0.00222623
 0.00222624 0.00222622 0.00222622 0.00222623 0.00222624 0.00222622
 0.00222623 0.00222624 0.00222623 0.00222624 0.00222622 0.00222623
 0.00222625 0.00222624 0.00222623 0.00222625 0.00222623 0.00222625
 0.00222623 0.00222625 0.00222624 0.00222625 0.00222625 0.00222623
 0.00222623 0.00222623 0.00222624 0.00222623 0.00222623 0.00222624
 0.00222623 0.00222624 0.00222624 0.00222621 0.00222622 0.00222622
 0.00222621 0.00222622 0.00222622 0.00222622 0.00222622 0.00222621
 0.00222622 0.00222622 0.00222623 0.00222622 0.00222623 0.00222626
 0.00222622 0.00222625 0.00222623 0.00222622 0.00222622 0.00222625
 0.00222622 0.00222622 0.0022262  0.00222621 0.00222622 0.00222623
 0.00222622 0.00222623 0.00222622 0.00222623 0.00222624 0.00222621
 0.00222622 0.00222625 0.00222623 0.00222622 0.00222623 0.00222622
 0.00222623 0.00222621 0.00222622 0.00222623 0.00222624 0.00222623
 0.00222623 0.00222626 0.00222625 0.00222623 0.00222623 0.00222624
 0.00222623 0.00222624 0.00222624 0.00222623 0.00222624 0.00222624
 0.00222624 0.00222622 0.00222622 0.0022262  0.00222621 0.00222622
 0.00222623 0.00222622 0.00222623 0.00222622 0.00222623 0.00222621
 0.00222624 0.00222622 0.00222623 0.00222622 0.00222623 0.00222622
 0.00222623 0.00222621 0.00222622 0.00222623 0.00222624 0.00222623
 0.00222623 0.00222626 0.00222623 0.00222622 0.00222623 0.00222622
 0.00222623 0.00222621 0.00222623 0.00222622 0.00222624 0.00222623
 0.00222624 0.00222623 0.00222623 0.00222625 0.00222624 0.00222623
 0.00222624 0.00222623 0.00222623 0.00222624 0.00222624]"
-7.048537726525166	"[0.00222711 0.00222711 0.00222896 0.00222711 0.00222711 0.00222896
 0.00222896 0.00222711 0.00222711 0.00227187 0.00231831 0.00224963
 0.00222711 0.00222711 0.00222896 0.00231604 0.0023231  0.00222711
 0.00222896 0.00222711 0.00222711 0.00232072 0.00222711 0.00222896
 0.00222711 0.00222709 0.00222711 0.00222896 0.00222896 0.00227212
 0.00222712 0.00222711 0.00227446 0.00232304 0.00222931 0.00222711
 0.00222711 0.00222711 0.00223111 0.00222711 0.00229503 0.00222711
 0.00222711 0.00223082 0.00222711 0.00222711 0.00222713 0.00223786
 0.00222711 0.00222896 0.00222712 0.00222711 0.0022308  0.00226718
 0.00222711 0.00222711 0.00222711 0.00222709 0.00222711 0.00222711
 0.00222526 0.00222711 0.00222526 0.00222711 0.00222526 0.00222526
 0.00222526 0.00222526 0.00222526 0.00222526 0.00222711 0.00222896
 0.00220044 0.00220046 0.00219292 0.00219296 0.00219292 0.00220449
 0.00222524 0.00222195 0.0022122  0.00221213 0.00219141 0.00219141
 0.00219141 0.00222718 0.0021967  0.00222708 0.00219274 0.00219141
 0.00222492 0.00222494 0.00219141 0.00219694 0.00221215 0.00221211
 0.00221213 0.00221211 0.00221242 0.00222711 0.00222711 0.00222896
 0.00219141 0.00219141 0.00222719 0.00219672 0.00222708 0.00219276
 0.00219141 0.00222494 0.00219141 0.00222708 0.00220073 0.00219141
 0.00219666 0.00219662 0.00219141 0.00222492 0.00219141 0.00222191
 0.00222708 0.00219689 0.00222526 0.00222526 0.00222526 0.00222526
 0.00222711 0.00222714 0.00219668 0.00219665 0.00219141 0.00219141
 0.00222191 0.00220069 0.00222526 0.00222526 0.00222526 0.00222526
 0.00222711 0.00222526 0.00222526 0.00219715 0.00219999 0.00219694
 0.00222719 0.00222708 0.00222526 0.00219663 0.00222681 0.00219319
 0.00222492 0.00219141 0.00222191 0.00222708 0.0021969  0.00222716
 0.00222492 0.00222494 0.00222193 0.00222526 0.00222525 0.00222526
 0.00222526 0.00222526 0.00222526 0.00222526 0.00223594 0.00223596
 0.00223595 0.00223596 0.00223376 0.0022337  0.00223596 0.00223595
 0.00223596 0.00223376 0.00223369 0.00223809 0.00223809 0.00223587
 0.00223145 0.00223371 0.00223808 0.00223586 0.00223145 0.0022337
 0.00223587 0.00223145 0.00223371 0.00223143 0.00223373 0.00223374
 0.00223374 0.00223374 0.00223366 0.00224264 0.00224263 0.00222514
 0.00223596 0.00222719 0.00224007 0.00224264 0.00222926 0.00224025
 0.0022359  0.00224266 0.00223597 0.00223598 0.00224478 0.00222928
 0.0022382  0.00223798 0.00223597 0.00223597 0.00224266 0.00223819
 0.00223591 0.00223587 0.00223597 0.00223591 0.00222722 0.00223598
 0.00222926 0.00223796 0.00222928 0.0022382  0.00223798 0.00222927
 0.00222926 0.00223374 0.00223374 0.00223374 0.00223366 0.00223375
 0.00223375 0.00223367 0.00223375 0.00223366 0.00223367 0.00222526
 0.00224265 0.00223597 0.00223597 0.00224476 0.00223819 0.00222722
 0.00223592 0.00223596 0.00223597 0.00224265 0.00223818 0.00223591
 0.00223586 0.00223597 0.0022359  0.00222722 0.00223597 0.00222926
 0.00223795 0.00223819 0.00222722 0.00223591 0.00222926 0.00223598
 0.00223598 0.00224485 0.00224034 0.00223149 0.00223593 0.00223587
 0.00223598 0.00223592 0.00223599 0.00223592 0.00222928 0.00224035
 0.00223149 0.00222722 0.00223799 0.00222927 0.00223147 0.00222524
 0.00223587 0.00223598 0.00223591 0.00223598 0.00223592 0.00224034
 0.00223149 0.00223593 0.00223146 0.00223587 0.00223582 0.00223592
 0.00222517 0.00223592 0.00222925 0.00222927 0.00223147 0.00222492
 0.00222493 0.00222492 0.00222495 0.00222497 0.00222492 0.00222492
 0.00222494 0.00222496 0.00222492 0.00222494 0.00222496 0.00222494
 0.00222496 0.00222492 0.00222492 0.00222494 0.00222496 0.00222492
 0.00222494 0.00222496 0.00222494 0.00222496 0.00222492 0.00222494
 0.002225   0.00222496 0.00222494 0.002225   0.00222496 0.00222502
 0.00222494 0.002225   0.00222496 0.00222502 0.00222502 0.00222494
 0.00222494 0.00222494 0.00222498 0.00222494 0.00222493 0.00222497
 0.00222494 0.00222497 0.00222497 0.00222489 0.00222492 0.00222492
 0.00222488 0.00222491 0.00222493 0.00222493 0.00222492 0.00222489
 0.00222491 0.00222493 0.00222496 0.00222492 0.00222494 0.00222506
 0.00222492 0.00222506 0.00222494 0.00222491 0.00222493 0.00222505
 0.00222492 0.00222492 0.00222488 0.0022249  0.00222493 0.00222495
 0.00222492 0.00222494 0.00222492 0.00222494 0.00222502 0.0022249
 0.00222492 0.00222506 0.00222495 0.00222492 0.00222494 0.00222492
 0.00222494 0.0022249  0.00222493 0.00222495 0.00222497 0.00222494
 0.00222494 0.00222507 0.00222506 0.00222494 0.00222493 0.00222497
 0.00222494 0.00222498 0.00222497 0.00222493 0.00222497 0.00222497
 0.00222497 0.00222492 0.00222492 0.00222488 0.00222491 0.00222493
 0.00222495 0.00222492 0.00222494 0.00222492 0.00222494 0.0022249
 0.00222503 0.00222492 0.00222496 0.00222492 0.00222494 0.00222492
 0.00222494 0.00222491 0.00222493 0.00222495 0.00222497 0.00222494
 0.00222494 0.00222507 0.00222495 0.00222492 0.00222494 0.00222492
 0.00222494 0.0022249  0.00222496 0.00222492 0.00222498 0.00222495
 0.00222497 0.00222494 0.00222493 0.00222506 0.00222498 0.00222495
 0.00222497 0.00222494 0.00222494 0.00222498 0.00222497]"
-6.167557247730049	"[0.00222644 0.00222644 0.00222963 0.00222644 0.00222645 0.00222961
 0.00222961 0.00222644 0.00222645 0.00232275 0.00243055 0.00227393
 0.00222645 0.00222645 0.00222963 0.00242542 0.00244145 0.00222645
 0.00222964 0.00222644 0.00222644 0.00243579 0.00222645 0.00222961
 0.00222645 0.00222632 0.00222645 0.00222961 0.00222961 0.00232372
 0.00222648 0.00222645 0.00232981 0.00244121 0.00223142 0.00222644
 0.00222645 0.00222645 0.00223411 0.00222645 0.00237797 0.00222644
 0.00222645 0.0022326  0.00222645 0.00222644 0.00222657 0.0022482
 0.00222645 0.00222961 0.0022265  0.00222645 0.00223245 0.00231032
 0.00222645 0.00222644 0.00222644 0.00222639 0.00222643 0.00222644
 0.00222287 0.00222643 0.00222285 0.00222643 0.00222287 0.00222286
 0.00222286 0.00222286 0.00222286 0.00222286 0.00222642 0.00222959
 0.00218432 0.00218436 0.00217801 0.00217804 0.00217802 0.00218898
 0.00222271 0.00221181 0.00219876 0.00219828 0.00213175 0.00213175
 0.00213175 0.00222685 0.00218023 0.00222631 0.00217757 0.00213175
 0.00222109 0.00222109 0.00215905 0.00218147 0.00219831 0.00219824
 0.00219828 0.00219824 0.00219946 0.00222643 0.00222643 0.00222959
 0.00213175 0.00213175 0.00222686 0.00218028 0.00222631 0.00217758
 0.00213175 0.00222109 0.00215916 0.00222626 0.00218572 0.00213175
 0.00218024 0.00217994 0.00213175 0.00222109 0.00215061 0.00221144
 0.00222626 0.00218134 0.00222286 0.00222286 0.00222283 0.00222287
 0.00222645 0.0022266  0.0021803  0.00217999 0.00213175 0.00215076
 0.00221145 0.0021856  0.00222286 0.00222286 0.00222286 0.00222286
 0.00222643 0.00222286 0.00222286 0.00218203 0.00218349 0.00218071
 0.0022268  0.00222627 0.00222286 0.00217993 0.00222483 0.00217796
 0.00222109 0.00215064 0.00221144 0.00222626 0.00218134 0.00222663
 0.00222111 0.00222109 0.00221157 0.00222286 0.00222274 0.00222286
 0.00222287 0.00222287 0.00222287 0.00222288 0.00224527 0.00224544
 0.0022454  0.00224544 0.00224089 0.00223999 0.00224541 0.00224537
 0.0022454  0.00224087 0.00223996 0.00224966 0.00224972 0.00224497
 0.0022354  0.00224008 0.00224966 0.00224494 0.00223539 0.00224005
 0.00224497 0.0022354  0.00224008 0.00223526 0.00224041 0.00224047
 0.00224044 0.00224047 0.00223962 0.00226042 0.00226034 0.00222215
 0.00224538 0.0022268  0.00225363 0.00226041 0.00223127 0.00225503
 0.00224477 0.00226049 0.00224541 0.0022456  0.00226493 0.0022313
 0.00225094 0.00224881 0.00224538 0.00224557 0.00226049 0.00225089
 0.00224484 0.00224449 0.00224541 0.00224511 0.00222698 0.0022456
 0.00223122 0.00224928 0.0022313  0.00225093 0.00224881 0.0022312
 0.00223126 0.00224045 0.00224043 0.00224045 0.00223959 0.00224048
 0.00224052 0.00223965 0.00224048 0.00223962 0.00223965 0.00222287
 0.00226044 0.00224539 0.00224558 0.00226481 0.0022509  0.00222706
 0.00224485 0.00224535 0.00224554 0.00226043 0.00225086 0.0022448
 0.00224446 0.00224539 0.00224508 0.00222699 0.00224558 0.00223122
 0.00224924 0.0022509  0.00222706 0.00224485 0.00223126 0.00224541
 0.00224552 0.00226509 0.00225529 0.00223578 0.00224493 0.00224442
 0.00224545 0.00224513 0.00224556 0.0022453  0.0022313  0.00225535
 0.00223579 0.00222704 0.00224891 0.0022312  0.00223565 0.0022227
 0.0022444  0.00224541 0.0022451  0.00224552 0.00224527 0.00225529
 0.00223578 0.00224492 0.00223564 0.00224443 0.00224422 0.00224513
 0.00222235 0.0022453  0.00223121 0.0022312  0.00223565 0.00222113
 0.00222114 0.00222113 0.00222127 0.00222154 0.00222109 0.00222107
 0.00222122 0.00222149 0.00222109 0.00222123 0.0022215  0.00222123
 0.00222149 0.0022211  0.00222108 0.00222123 0.0022215  0.0022211
 0.00222124 0.00222151 0.00222123 0.0022215  0.00222103 0.00222118
 0.00222163 0.00222146 0.00222117 0.00222162 0.00222144 0.00222175
 0.00222118 0.00222163 0.00222146 0.00222176 0.00222175 0.00222126
 0.00222127 0.00222126 0.00222164 0.00222125 0.00222123 0.00222161
 0.00222125 0.00222162 0.00222161 0.0022207  0.00222115 0.00222106
 0.00222068 0.00222082 0.00222118 0.00222116 0.00222107 0.0022207
 0.00222083 0.0022212  0.00222141 0.00222115 0.00222125 0.00222178
 0.00222107 0.00222173 0.00222113 0.00222082 0.00222118 0.00222157
 0.00222113 0.00222109 0.00222066 0.00222081 0.00222117 0.00222142
 0.00222112 0.00222123 0.00222108 0.00222116 0.00222145 0.00222079
 0.00222114 0.00222182 0.00222143 0.00222113 0.00222124 0.00222109
 0.00222117 0.00222081 0.00222117 0.00222142 0.00222149 0.00222123
 0.00222117 0.00222182 0.00222182 0.00222125 0.00222124 0.00222162
 0.00222125 0.00222163 0.00222162 0.00222122 0.00222161 0.00222159
 0.00222161 0.00222114 0.0022211  0.00222067 0.00222082 0.00222118
 0.00222143 0.00222112 0.00222124 0.00222109 0.00222117 0.0022208
 0.0022215  0.00222116 0.00222144 0.00222114 0.00222125 0.0022211
 0.00222118 0.00222082 0.00222118 0.00222143 0.0022215  0.00222124
 0.00222117 0.00222183 0.00222145 0.00222111 0.00222122 0.0022211
 0.00222119 0.00222077 0.00222133 0.00222114 0.00222144 0.00222144
 0.00222151 0.00222121 0.00222118 0.00222181 0.00222143 0.00222145
 0.00222152 0.00222122 0.00222119 0.00222144 0.00222151]"
-15.595130093264627	"[1.00021710e-10 1.00021709e-10 1.00033495e-10 1.00021710e-10
 1.00021722e-10 1.00033483e-10 1.00033481e-10 1.00021710e-10
 1.00021715e-10 1.00011301e-10 5.64839293e-04 1.00000322e-10
 1.00021712e-10 1.00021712e-10 1.00033488e-10 9.99434990e-01
 3.44906522e-07 1.00021712e-10 1.00033778e-10 1.00021710e-10
 1.00021709e-10 3.42435715e-08 1.00021722e-10 1.00033480e-10
 1.00021712e-10 1.00021708e-10 1.00021722e-10 1.00033482e-10
 1.00033481e-10 1.00003607e-10 1.00022095e-10 1.00021722e-10
 5.21344731e-09 3.43535601e-07 1.00047906e-10 1.00021710e-10
 1.00021712e-10 1.00021712e-10 4.55719008e-10 1.00021712e-10
 1.00289217e-10 1.00021710e-10 1.00021712e-10 1.00008217e-10
 1.00021712e-10 1.00021710e-10 1.00023214e-10 8.16604479e-10
 1.00021722e-10 1.00033482e-10 1.00022281e-10 1.00021712e-10
 1.00008158e-10 1.00003456e-10 1.00021716e-10 1.00021710e-10
 1.00021710e-10 1.00021708e-10 1.00021706e-10 1.00021708e-10
 1.00010475e-10 1.00021705e-10 1.00010463e-10 1.00021705e-10
 1.00010475e-10 1.00010464e-10 1.00010471e-10 1.00010473e-10
 1.00010473e-10 1.00010473e-10 1.00021703e-10 1.00033471e-10
 1.00021568e-10 1.00026842e-10 1.00022963e-10 1.00021979e-10
 1.00022963e-10 1.49392037e-09 1.00008982e-10 2.00846570e-10
 7.44678544e-10 1.00001179e-10 1.00037583e-10 1.00027275e-10
 1.00025069e-10 1.00024238e-10 1.00021663e-10 1.00021318e-10
 1.00023694e-10 1.00027274e-10 1.06009239e-10 1.00001858e-10
 1.00023758e-10 1.00021821e-10 1.00003452e-10 1.00004414e-10
 1.00002358e-10 1.00004343e-10 7.63478474e-10 1.00021705e-10
 1.00021706e-10 1.00033469e-10 1.00039846e-10 1.00037733e-10
 1.00025389e-10 1.00027996e-10 1.00021318e-10 1.00028972e-10
 1.00039846e-10 1.00001858e-10 1.00032203e-10 1.00021133e-10
 1.00026863e-10 1.00027692e-10 1.00022750e-10 1.00022774e-10
 1.00031087e-10 1.06001027e-10 1.00024675e-10 1.00000801e-10
 1.00021133e-10 1.00022736e-10 1.00010473e-10 1.00010473e-10
 1.00010212e-10 1.00010475e-10 1.00021719e-10 1.00023491e-10
 1.00021770e-10 1.00021794e-10 1.00027692e-10 1.00023206e-10
 1.00000460e-10 1.00021681e-10 1.00010464e-10 1.00010473e-10
 1.00010473e-10 1.00010464e-10 1.00021707e-10 1.00010471e-10
 1.00010473e-10 1.00026508e-10 1.00022579e-10 1.00021919e-10
 1.00025400e-10 1.00021318e-10 1.00010464e-10 1.00022774e-10
 1.00012153e-10 1.00022931e-10 1.05983842e-10 1.00024675e-10
 1.00000794e-10 1.00021133e-10 1.00022735e-10 1.00023399e-10
 1.06577839e-10 1.00001853e-10 1.37723942e-10 1.00010473e-10
 1.00009151e-10 1.00010464e-10 1.00010475e-10 1.00010477e-10
 1.00010478e-10 1.00010480e-10 3.95893953e-10 2.72552017e-10
 1.00002763e-10 2.61212206e-10 9.72632988e-10 1.00008989e-10
 1.00000000e-10 1.00002984e-10 1.00000000e-10 8.49590794e-10
 1.00009899e-10 1.00004938e-10 4.21361868e-10 1.00009477e-10
 1.00007096e-10 1.00004592e-10 1.00005006e-10 9.09804685e-10
 1.00008054e-10 1.00006795e-10 1.00009644e-10 1.00007126e-10
 1.00004661e-10 1.21544532e-09 1.00006710e-10 1.00002757e-10
 1.00004758e-10 1.00002819e-10 1.00009513e-10 1.43434687e-10
 1.00000000e-10 1.00000917e-10 3.93068631e-10 1.00023888e-10
 2.40970968e-10 1.45084207e-10 1.00045280e-10 1.00000000e-10
 1.00000000e-10 1.00005224e-10 2.63804136e-10 2.41207194e-10
 1.90157077e-10 1.00047291e-10 1.00012562e-10 1.00013591e-10
 1.00002883e-10 1.00003131e-10 1.00005213e-10 1.00000000e-10
 3.24995702e-10 1.33973571e-09 2.52396748e-10 6.95799021e-10
 1.00024635e-10 2.29674915e-10 1.00045184e-10 1.00006719e-10
 1.00047292e-10 1.00012278e-10 1.00012283e-10 1.00047003e-10
 1.00045184e-10 1.00002224e-10 1.00004440e-10 1.00002292e-10
 1.00010643e-10 1.00001251e-10 4.02817173e-10 1.00004969e-10
 1.00001309e-10 1.00007221e-10 1.00005039e-10 1.00010479e-10
 1.41292490e-10 1.00000000e-10 1.00000000e-10 3.78372794e-10
 3.75170700e-10 1.00025986e-10 5.92008198e-10 1.00003172e-10
 1.00003565e-10 1.43466143e-10 1.00000000e-10 1.89928322e-10
 1.15650274e-09 1.00000000e-10 5.03285155e-10 1.00025787e-10
 1.00000000e-10 1.00045184e-10 5.70232067e-10 3.72565025e-10
 1.00025986e-10 5.86158837e-10 1.00045184e-10 5.56785231e-10
 5.35383190e-10 2.15331475e-10 3.78276321e-10 4.37487252e-10
 1.00004539e-10 1.00008737e-10 1.05887961e-09 1.00009557e-10
 1.03687088e-09 1.00010011e-10 1.00047291e-10 8.34460633e-10
 5.71998630e-10 1.00024824e-10 2.89208373e-10 1.00047003e-10
 1.00002287e-10 1.00008907e-10 1.55702178e-09 5.46299062e-10
 9.18777427e-10 5.24860792e-10 9.00146485e-10 3.76522588e-10
 4.35355422e-10 1.00004690e-10 1.00003013e-10 1.00008879e-10
 1.57126643e-09 1.00009728e-10 1.00006444e-10 1.00010097e-10
 1.00045088e-10 1.00047003e-10 1.00002309e-10 1.00125166e-10
 1.22666734e-10 1.00000673e-10 1.86106637e-10 1.00000769e-10
 1.57081357e-10 1.00000000e-10 1.51288703e-10 1.00001996e-10
 1.56891919e-10 2.32169262e-10 1.00000555e-10 1.51610395e-10
 1.00001940e-10 1.34400468e-10 1.00000091e-10 1.46576237e-10
 1.00001807e-10 1.33087109e-10 2.09417600e-10 1.00001083e-10
 1.46112568e-10 1.00001782e-10 1.00000071e-10 1.15968167e-10
 1.00000508e-10 1.00005068e-10 1.00000075e-10 1.00001486e-10
 1.00001233e-10 1.00000698e-10 1.17815039e-10 1.00000488e-10
 1.00004865e-10 1.00000778e-10 1.00000706e-10 1.00000666e-10
 1.20224856e-10 1.00000689e-10 1.23429102e-10 1.59384719e-10
 1.00000000e-10 1.00000432e-10 1.59107380e-10 1.00000000e-10
 1.00000414e-10 1.00001477e-10 1.00000661e-10 1.00000704e-10
 1.00002739e-10 1.74523943e-10 1.00000678e-10 1.21392147e-10
 1.15568897e-10 1.00001444e-10 2.44778978e-10 1.19690474e-10
 1.00001088e-10 1.00000684e-10 1.81700902e-10 1.27577403e-10
 1.00000727e-10 1.04600225e-10 1.77868483e-10 1.74097133e-10
 1.00000701e-10 2.52084131e-10 1.57142589e-10 1.56269271e-10
 4.45588970e-10 1.87103249e-10 1.57046685e-10 1.00003299e-10
 1.00000000e-10 1.48091364e-10 1.00000000e-10 1.47941870e-10
 1.00000000e-10 1.08565769e-10 1.00000000e-10 1.00002328e-10
 1.00001226e-10 1.56951730e-10 2.28532777e-10 1.55991922e-10
 2.26952083e-10 1.86891451e-10 1.56803701e-10 1.00003197e-10
 1.00000279e-10 1.48482383e-10 1.48248587e-10 1.00000467e-10
 1.00002259e-10 1.34783330e-10 1.00000075e-10 1.00001034e-10
 1.33371761e-10 1.00000661e-10 1.00001024e-10 1.00000000e-10
 1.00001060e-10 1.00002927e-10 1.00001028e-10 1.33980253e-10
 1.31274143e-10 1.00004949e-10 1.76434400e-10 1.33178375e-10
 1.00002500e-10 1.00000091e-10 1.42992524e-10 1.00000103e-10
 1.41476536e-10 1.00791012e-10 1.00000058e-10 1.00000094e-10
 1.00001453e-10 1.32612041e-10 2.05505782e-10 1.29857854e-10
 2.03069217e-10 1.76073814e-10 1.31809099e-10 1.00002459e-10
 1.00001545e-10 1.42513698e-10 1.40943544e-10 1.00001751e-10
 1.00001646e-10 1.00000047e-10 1.13765569e-10 1.00000000e-10
 1.16111769e-10 1.01097389e-10 1.00000000e-10 1.00000000e-10
 1.20017708e-10 1.00001266e-10 1.00000111e-10 1.00000063e-10
 1.00000003e-10 1.00000000e-10 1.00000000e-10 1.00001680e-10
 1.00000129e-10 1.15601457e-10 1.17825583e-10 1.21753966e-10
 1.00000117e-10]"
-19.999999078641345	"[1.12726140e-10 1.12395370e-10 1.12773388e-10 1.12822269e-10
 1.12955494e-10 1.12489181e-10 1.12978558e-10 1.12556919e-10
 1.12772463e-10 1.00000000e-10 9.99999953e-01 1.00000000e-10
 1.12684368e-10 1.12757815e-10 1.12460860e-10 1.00000000e-10
 1.00000000e-10 1.12625630e-10 1.12535075e-10 1.12630558e-10
 1.12717436e-10 1.00000000e-10 1.12711956e-10 1.12745949e-10
 1.12748082e-10 1.12684383e-10 1.12680033e-10 1.12750463e-10
 1.12725957e-10 1.00000000e-10 1.12587543e-10 1.12698395e-10
 1.00000000e-10 1.00000000e-10 1.15053925e-10 1.12749658e-10
 1.12739417e-10 1.12641921e-10 1.00000000e-10 1.12689240e-10
 1.00000000e-10 1.12663918e-10 1.12737309e-10 1.11791343e-10
 1.12799296e-10 1.12656464e-10 1.12062027e-10 3.38908934e-10
 1.12857243e-10 1.12619885e-10 1.12393713e-10 1.12711877e-10
 1.12633853e-10 1.00000000e-10 1.12701255e-10 1.12714228e-10
 1.12617558e-10 1.12799898e-10 1.12737317e-10 1.12754061e-10
 1.12723462e-10 1.12721794e-10 1.12767751e-10 1.12719594e-10
 1.12807171e-10 1.12850051e-10 1.12851195e-10 1.12803199e-10
 1.12904527e-10 1.12681178e-10 1.12668547e-10 1.12690806e-10
 2.88597689e-10 1.86912357e-10 1.16621671e-10 1.72440523e-10
 1.21859385e-10 1.49782058e-10 1.13533096e-10 1.00000000e-10
 1.49909030e-10 2.10760706e-10 5.72065429e-10 4.40958850e-10
 5.39617090e-10 1.11794743e-10 3.17995037e-10 1.12741895e-10
 3.55117915e-10 4.51667189e-10 1.15252921e-10 1.37190494e-10
 4.33758019e-10 2.92872136e-10 1.50192296e-10 1.16652199e-10
 1.44436944e-10 1.19275195e-10 1.44354464e-10 1.12750196e-10
 1.12625928e-10 1.12646824e-10 1.76232096e-10 2.93649093e-10
 1.00000000e-10 1.96295763e-10 1.12792070e-10 2.53843319e-10
 1.85780654e-10 1.37200591e-10 2.70354501e-10 1.12883437e-10
 1.80369083e-10 1.47426089e-10 1.28429656e-10 1.29399732e-10
 1.00000000e-10 1.15353190e-10 1.35287572e-10 1.00000000e-10
 1.12843172e-10 1.35420548e-10 1.12726798e-10 1.12736171e-10
 1.12880128e-10 1.12705424e-10 1.12761408e-10 1.12062233e-10
 1.84381708e-10 1.85467983e-10 1.58772808e-10 2.19356071e-10
 1.00000000e-10 1.71188885e-10 1.12756847e-10 1.12692231e-10
 1.12719416e-10 1.12779700e-10 1.12764541e-10 1.12762730e-10
 1.12667158e-10 1.84860885e-10 1.39071693e-10 1.90783758e-10
 1.22598908e-10 1.12800471e-10 1.12738946e-10 1.34650995e-10
 1.36124368e-10 2.23789017e-10 1.15286302e-10 1.43186932e-10
 1.00000000e-10 1.12908859e-10 1.39730568e-10 1.12023963e-10
 1.15133527e-10 1.37127449e-10 1.00000000e-10 1.12725106e-10
 1.13482499e-10 1.12784521e-10 1.12734244e-10 1.12762492e-10
 1.12734967e-10 1.12760649e-10 1.00000000e-10 1.00000000e-10
 1.00000000e-10 1.00000000e-10 1.00000000e-10 1.00000000e-10
 1.43080282e-10 1.16605821e-10 1.40574857e-10 1.00000000e-10
 1.00000000e-10 3.07532855e-10 3.41605632e-10 1.48505841e-10
 1.49578300e-10 1.10259548e-10 3.04033576e-10 1.21932292e-10
 1.39611945e-10 1.00000000e-10 1.46080565e-10 1.48669785e-10
 1.08559532e-10 1.36891714e-10 1.00000000e-10 1.00000000e-10
 1.00000000e-10 1.00000000e-10 1.00000000e-10 1.00000000e-10
 1.00000000e-10 1.34440460e-10 1.00000000e-10 1.11947129e-10
 1.00000000e-10 1.00000000e-10 1.00000000e-10 1.00000000e-10
 1.00000000e-10 1.00000000e-10 1.00000000e-10 1.00000000e-10
 1.00000000e-10 1.15160552e-10 2.29342747e-10 2.19100469e-10
 1.00000000e-10 1.00000000e-10 1.00000000e-10 1.90362603e-10
 1.00000000e-10 1.00000000e-10 1.00000000e-10 1.00000000e-10
 1.11631392e-10 1.00000000e-10 1.00000000e-10 1.74749677e-10
 1.15171432e-10 2.25967271e-10 2.15711549e-10 1.15152602e-10
 1.00000000e-10 1.09390501e-10 1.00000000e-10 1.07712054e-10
 1.00000000e-10 1.13211081e-10 1.29805031e-10 1.13601427e-10
 1.11454757e-10 1.00000000e-10 1.11899484e-10 1.12756556e-10
 1.86823199e-10 1.43375474e-10 1.42399993e-10 1.92219163e-10
 3.05474841e-10 1.22388739e-10 1.46120684e-10 1.16870629e-10
 1.15952352e-10 1.81634545e-10 2.66110769e-10 1.20052274e-10
 1.18047158e-10 1.40880892e-10 1.14668121e-10 1.00000000e-10
 1.40007169e-10 1.00000000e-10 2.56962228e-10 3.01911112e-10
 1.23337787e-10 1.43616829e-10 1.00000000e-10 1.48681474e-10
 1.48373168e-10 2.03482101e-10 2.48431472e-10 1.53635674e-10
 1.51582104e-10 1.50867929e-10 1.72540109e-10 1.46922050e-10
 1.72249600e-10 1.46182972e-10 1.15178179e-10 2.90587525e-10
 1.62793483e-10 1.11559743e-10 3.42513387e-10 1.15176933e-10
 1.50453295e-10 1.13376950e-10 1.24120876e-10 1.46279049e-10
 1.20238941e-10 1.45917870e-10 1.19534867e-10 2.44161643e-10
 1.52746828e-10 1.49060540e-10 1.40420964e-10 1.48388052e-10
 1.21046793e-10 1.44458332e-10 1.04009176e-10 1.43746211e-10
 1.00000000e-10 1.15219830e-10 1.49377739e-10 1.25694798e-10
 1.35151384e-10 1.26562980e-10 1.36788432e-10 1.36229711e-10
 1.23786553e-10 1.15150820e-10 1.25203387e-10 1.24871237e-10
 1.24705833e-10 1.34683746e-10 1.34297548e-10 1.26109365e-10
 1.25795359e-10 1.04374348e-10 1.00000000e-10 1.05910920e-10
 1.05467855e-10 1.05310333e-10 1.15423002e-10 1.14861344e-10
 1.06788772e-10 1.06342550e-10 1.00000000e-10 1.04088331e-10
 1.02874852e-10 1.03639879e-10 1.00000000e-10 1.00000000e-10
 1.00000000e-10 1.04444816e-10 1.04973963e-10 1.03707849e-10
 1.04414070e-10 1.14047164e-10 1.05335636e-10 1.25168970e-10
 1.34745699e-10 1.26064841e-10 1.35756783e-10 1.23191056e-10
 1.14631711e-10 1.24337787e-10 1.24090562e-10 1.33822387e-10
 1.25184179e-10 1.25197962e-10 1.25658298e-10 1.25861111e-10
 1.16737300e-10 1.26401490e-10 1.25766574e-10 1.35107195e-10
 1.35423792e-10 1.26089946e-10 1.35912556e-10 1.35103564e-10
 1.36376744e-10 1.26522067e-10 1.36791057e-10 1.35605265e-10
 1.26835956e-10 1.35561134e-10 1.37231159e-10 1.27319678e-10
 1.26594447e-10 1.35934959e-10 1.23679316e-10 1.23681724e-10
 1.14743061e-10 1.24415124e-10 1.23830155e-10 1.24689323e-10
 1.15084631e-10 1.25166594e-10 1.15129137e-10 1.25314675e-10
 1.14208931e-10 1.15860879e-10 1.15400373e-10 1.23841131e-10
 1.34203054e-10 1.24611728e-10 1.34694853e-10 1.24555144e-10
 1.34860575e-10 1.25275433e-10 1.24660997e-10 1.25591125e-10
 1.35992122e-10 1.26042600e-10 1.26186775e-10 1.35188442e-10
 1.24822198e-10 1.03920685e-10 1.00000000e-10 1.04968907e-10
 1.04732060e-10 1.14494446e-10 1.05860303e-10 1.00000000e-10
 1.02948164e-10 1.00000000e-10 1.03854683e-10 1.04333595e-10
 1.04385406e-10 1.00000000e-10 1.05071753e-10 1.04352627e-10
 1.05398471e-10 1.00000000e-10 1.05831079e-10 1.00000000e-10
 1.05983359e-10 1.00000000e-10 1.00000000e-10 1.00000000e-10
 1.14937059e-10 1.05204784e-10 1.15380834e-10 1.05254478e-10
 1.15565740e-10 1.05880210e-10 1.05175474e-10 1.06242165e-10
 1.16770994e-10 1.06714012e-10 1.06840466e-10 1.15970444e-10
 1.03468227e-10 1.00000000e-10 1.03916852e-10 1.00000000e-10
 1.03975408e-10 1.00000000e-10 1.00000000e-10 1.00000000e-10
 1.03258789e-10 1.00000000e-10 1.05085616e-10 1.00000000e-10
 1.00000000e-10 1.00000000e-10 1.00000000e-10 1.04259214e-10
 1.14662775e-10 1.04863642e-10 1.04870148e-10 1.04070117e-10
 1.06040821e-10]"
-25.199998526579748	"[1.01283541e-10 1.01121103e-10 1.01280680e-10 1.01415704e-10
 1.01262688e-10 1.01282399e-10 1.01367674e-10 1.01589050e-10
 1.01366094e-10 1.89248580e-10 3.24052345e-10 1.29610452e-10
 1.01472136e-10 1.01468666e-10 1.01412585e-10 3.21621829e-10
 9.99999957e-01 1.01436132e-10 1.01403701e-10 1.01409714e-10
 1.01373549e-10 3.26699247e-10 1.01296526e-10 1.01347218e-10
 1.01354751e-10 1.01619343e-10 1.01373554e-10 1.01318145e-10
 1.01259703e-10 2.00868388e-10 1.01566097e-10 1.01301324e-10
 2.09683460e-10 1.00000000e-10 1.06500724e-10 1.01347135e-10
 1.01321148e-10 1.01348395e-10 1.09442742e-10 1.01379311e-10
 2.60777533e-10 1.01495305e-10 1.01266504e-10 1.02702977e-10
 1.01293219e-10 1.01392330e-10 1.02499229e-10 1.00000000e-10
 1.01220968e-10 1.01346237e-10 1.01664867e-10 1.01486187e-10
 1.01151520e-10 1.74598645e-10 1.01391577e-10 1.01372672e-10
 1.01240372e-10 1.01451257e-10 1.01487722e-10 1.01431215e-10
 1.01367647e-10 1.01354449e-10 1.01477199e-10 1.01385374e-10
 1.01305481e-10 1.01483553e-10 1.01421309e-10 1.01407695e-10
 1.01357159e-10 1.01435326e-10 1.01475887e-10 1.01274762e-10
 1.15656717e-10 1.15700974e-10 1.63020719e-10 1.21648718e-10
 1.31853168e-10 1.17519603e-10 1.00012621e-10 1.03880549e-10
 1.11345888e-10 1.11267552e-10 1.21188926e-10 2.11312537e-10
 1.21755625e-10 1.04281981e-10 1.14414033e-10 1.01024790e-10
 1.12345787e-10 1.47595653e-10 1.00000000e-10 1.00000000e-10
 1.15478196e-10 1.23606326e-10 1.11226988e-10 1.31960888e-10
 1.11207052e-10 1.16678660e-10 1.11849606e-10 1.01364327e-10
 1.01261375e-10 1.01236247e-10 2.05794970e-10 1.21923182e-10
 1.04227704e-10 1.14347366e-10 1.01249329e-10 1.12404979e-10
 1.47589279e-10 1.00000000e-10 1.15676356e-10 1.00996688e-10
 1.16545020e-10 2.16229356e-10 1.55806377e-10 1.55730460e-10
 2.42985225e-10 1.00000000e-10 1.84774192e-10 1.11021443e-10
 1.00894120e-10 1.58118593e-10 1.01454493e-10 1.01361521e-10
 1.01395935e-10 1.01453060e-10 1.01305251e-10 1.02757625e-10
 1.14345300e-10 1.14240235e-10 1.47380101e-10 1.22451906e-10
 1.03978670e-10 1.16324873e-10 1.01390655e-10 1.01413722e-10
 1.01461175e-10 1.01469972e-10 1.01410259e-10 1.01416827e-10
 1.01421114e-10 1.15773561e-10 1.23328593e-10 1.15167146e-10
 1.00000001e-10 1.01164015e-10 1.01479178e-10 1.24276580e-10
 1.00000000e-10 1.13700133e-10 1.00000000e-10 1.37199583e-10
 1.06081734e-10 1.01034438e-10 1.31971087e-10 1.02777486e-10
 1.00000000e-10 1.00000000e-10 1.03996105e-10 1.01403579e-10
 1.00180720e-10 1.01486179e-10 1.01353012e-10 1.01385542e-10
 1.01526461e-10 1.01353513e-10 1.00000000e-10 1.00000000e-10
 1.00000000e-10 1.00000000e-10 1.21112580e-10 1.19026664e-10
 1.00000000e-10 1.00000000e-10 1.00000000e-10 1.21076177e-10
 1.18783552e-10 1.00000000e-10 1.00000000e-10 1.00000000e-10
 1.09684061e-10 1.14100001e-10 1.00000000e-10 1.00000000e-10
 1.11380163e-10 1.19164833e-10 1.00000000e-10 1.07136891e-10
 1.11413004e-10 1.10671560e-10 1.19935579e-10 1.15001875e-10
 1.20167060e-10 1.12665597e-10 1.17346077e-10 1.03329065e-10
 1.34469515e-10 1.00000000e-10 1.00000000e-10 1.03003068e-10
 1.19575105e-10 1.20899641e-10 1.10393554e-10 1.18415868e-10
 1.00000000e-10 1.03779303e-10 1.00000000e-10 1.00000000e-10
 1.00000014e-10 1.06239142e-10 1.00000000e-10 1.00000000e-10
 1.00000000e-10 1.00000000e-10 1.21141464e-10 1.01690473e-10
 1.00000000e-10 1.00000000e-10 1.00000000e-10 1.00000000e-10
 1.04507317e-10 1.00000000e-10 1.10424135e-10 1.00000000e-10
 1.06161555e-10 1.00000000e-10 1.00000000e-10 1.06021284e-10
 1.10444481e-10 1.14839489e-10 1.20099285e-10 1.12445852e-10
 1.17223304e-10 1.15001341e-10 1.08303056e-10 1.12593872e-10
 1.12581381e-10 1.17325540e-10 1.09588071e-10 1.01412621e-10
 1.03409967e-10 1.00000000e-10 1.00000000e-10 1.00000014e-10
 1.00000000e-10 1.00000001e-10 1.00000000e-10 1.00000000e-10
 1.00000000e-10 1.20999320e-10 1.01531061e-10 1.00000000e-10
 1.00000000e-10 1.00000000e-10 1.00000000e-10 1.04625221e-10
 1.00000000e-10 1.10567628e-10 1.00000000e-10 1.00000000e-10
 1.04718600e-10 1.00000000e-10 1.10359867e-10 1.00000000e-10
 1.00000000e-10 1.00000014e-10 1.00000005e-10 1.11080367e-10
 1.00000000e-10 1.00000000e-10 1.00000000e-10 1.00000000e-10
 1.00000000e-10 1.00000000e-10 1.06277177e-10 1.00000003e-10
 1.07249967e-10 1.04633853e-10 1.00000000e-10 1.06079304e-10
 1.10347594e-10 1.00000001e-10 1.00000000e-10 1.00000000e-10
 1.00000000e-10 1.00000000e-10 1.00000000e-10 1.04496905e-10
 1.08871428e-10 1.00000000e-10 1.11909567e-10 1.00000000e-10
 1.00000000e-10 1.00000000e-10 1.02216022e-10 1.00000000e-10
 1.10425712e-10 1.06016399e-10 1.07883911e-10 1.00000000e-10
 1.00000000e-10 1.00000000e-10 1.00000000e-10 1.00000000e-10
 1.00000000e-10 1.00000000e-10 1.00000000e-10 1.00000000e-10
 1.00000000e-10 1.00000000e-10 1.00000000e-10 1.00000000e-10
 1.00000000e-10 1.00000000e-10 1.00000000e-10 1.00000000e-10
 1.00000000e-10 1.00000000e-10 1.00000000e-10 1.00000000e-10
 1.00000000e-10 1.00000000e-10 1.00000000e-10 1.00000000e-10
 1.00000000e-10 1.00000000e-10 1.00000000e-10 1.00000000e-10
 1.00000000e-10 1.00000000e-10 1.00000000e-10 1.00000000e-10
 1.00000000e-10 1.00000000e-10 1.00809852e-10 1.00000000e-10
 1.00000000e-10 1.00000000e-10 1.00000000e-10 1.00000000e-10
 1.00000000e-10 1.00000000e-10 1.00000000e-10 1.00000000e-10
 1.00000000e-10 1.00000000e-10 1.00000000e-10 1.00000000e-10
 1.00000000e-10 1.00000000e-10 1.00000000e-10 1.00000000e-10
 1.00000000e-10 1.00000000e-10 1.00000000e-10 1.00000000e-10
 1.00000000e-10 1.00000000e-10 1.00000000e-10 1.00000000e-10
 1.00000000e-10 1.00000000e-10 1.00000000e-10 1.00000000e-10
 1.00000000e-10 1.00000000e-10 1.00000000e-10 1.00000000e-10
 1.00000000e-10 1.00000000e-10 1.00000000e-10 1.00000000e-10
 1.00000000e-10 1.00000000e-10 1.00000000e-10 1.00000000e-10
 1.00000000e-10 1.00000000e-10 1.00000000e-10 1.00000000e-10
 1.00000000e-10 1.00000000e-10 1.00000000e-10 1.00000000e-10
 1.00000000e-10 1.00000000e-10 1.00000000e-10 1.00000000e-10
 1.00000000e-10 1.00000000e-10 1.00000000e-10 1.00000000e-10
 1.00251003e-10 1.00000000e-10 1.00000000e-10 1.00000000e-10
 1.00000000e-10 1.00000000e-10 1.00000000e-10 1.00000000e-10
 1.00000000e-10 1.00000000e-10 1.00000000e-10 1.00000000e-10
 1.00000000e-10 1.00000000e-10 1.00000000e-10 1.00000000e-10
 1.00000000e-10 1.00000000e-10 1.00000000e-10 1.00000000e-10
 1.00000000e-10 1.00000000e-10 1.00000000e-10 1.00000000e-10
 1.00000000e-10 1.00000000e-10 1.00000000e-10 1.00000000e-10
 1.00000000e-10 1.00000000e-10 1.00000000e-10 1.00000000e-10
 1.00000000e-10 1.00000000e-10 1.00000000e-10 1.00000000e-10
 1.00000000e-10 1.00000000e-10 1.00000000e-10 1.00000000e-10
 1.00000000e-10 1.00000000e-10 1.00000000e-10 1.00000000e-10
 1.00000000e-10 1.00000000e-10 1.00000000e-10 1.00000000e-10
 1.00000000e-10 1.00000000e-10 1.00000000e-10 1.00000000e-10
 1.00000000e-10 1.00000000e-10 1.00000000e-10 1.00000000e-10
 1.00000000e-10]"
-29.399997571826603	"[1.00000000e-10 1.00000000e-10 1.00000000e-10 1.00000000e-10
 1.00000000e-10 1.00000000e-10 1.00000000e-10 1.00000000e-10
 1.00000000e-10 1.00000000e-10 1.00000000e-10 1.00000000e-10
 1.00000000e-10 1.00000000e-10 1.00000000e-10 1.00000000e-10
 9.99999951e-01 1.00000000e-10 1.00000000e-10 1.00000000e-10
 1.00000000e-10 1.00000000e-10 1.00000000e-10 1.00000000e-10
 1.00000000e-10 1.00000000e-10 1.00000000e-10 1.00000000e-10
 1.00000000e-10 1.00000000e-10 1.00000000e-10 1.00000000e-10
 1.00000000e-10 1.00000000e-10 1.00000000e-10 1.00000000e-10
 1.00000000e-10 1.00000000e-10 1.00000000e-10 1.00000000e-10
 1.00000000e-10 1.00000000e-10 1.00000000e-10 1.00000000e-10
 1.00000000e-10 1.00000000e-10 1.00000000e-10 1.00000000e-10
 1.00000000e-10 1.00000000e-10 1.00000000e-10 1.00000000e-10
 1.00000000e-10 1.00000000e-10 1.00000000e-10 1.00000000e-10
 1.00000000e-10 1.00000000e-10 1.00000000e-10 1.00000000e-10
 1.00000000e-10 1.00000000e-10 1.00000000e-10 1.00000000e-10
 1.00000000e-10 1.00000000e-10 1.00000000e-10 1.00000000e-10
 1.00000000e-10 1.00000000e-10 1.00000000e-10 1.00000000e-10
 2.66973236e-10 2.66693381e-10 5.79945423e-10 3.11250643e-10
 3.11488780e-10 2.66745447e-10 1.00000000e-10 1.78750962e-10
 2.22367331e-10 2.22737163e-10 4.00119470e-10 9.90840539e-10
 4.00350057e-10 1.00000000e-10 2.66808254e-10 1.00000000e-10
 2.66511908e-10 4.45512024e-10 1.35592623e-10 1.00000000e-10
 3.10996354e-10 3.10703460e-10 2.22631059e-10 3.55380613e-10
 2.22920543e-10 2.23130161e-10 2.22497144e-10 1.00000000e-10
 1.00000000e-10 1.00000000e-10 9.44796117e-10 3.99748136e-10
 1.00000000e-10 2.66601108e-10 1.00000000e-10 2.66925091e-10
 4.45483173e-10 1.00000000e-10 3.10559911e-10 1.00000000e-10
 2.66430014e-10 1.03777267e-09 5.34898501e-10 5.34496938e-10
 1.08390059e-09 1.35913522e-10 7.61807333e-10 2.22489492e-10
 1.00000000e-10 5.34710025e-10 1.00000000e-10 1.00000000e-10
 1.00000000e-10 1.00000000e-10 1.00000000e-10 1.00000000e-10
 2.66696557e-10 2.66576132e-10 4.45645813e-10 3.55580827e-10
 1.78944066e-10 2.66553441e-10 1.00000000e-10 1.00000000e-10
 1.00000000e-10 1.00000000e-10 1.00000000e-10 1.00000000e-10
 1.00000000e-10 2.66645302e-10 2.67194564e-10 2.66501985e-10
 1.00000000e-10 1.00000000e-10 1.00000000e-10 2.67319606e-10
 1.00000000e-10 2.66999556e-10 1.35792106e-10 3.56028684e-10
 1.79004110e-10 1.00000000e-10 3.11336643e-10 1.00000000e-10
 1.35874202e-10 1.00000000e-10 1.79137591e-10 1.00000000e-10
 1.00000000e-10 1.00000000e-10 1.00000000e-10 1.00000000e-10
 1.00000000e-10 1.00000000e-10 1.00000000e-10 2.29282247e-10
 1.00000000e-10 3.49468079e-10 1.00000000e-10 1.00000000e-10
 2.23935909e-10 1.00000000e-10 3.43502308e-10 1.00000000e-10
 1.00000000e-10 1.00000000e-10 1.00000000e-10 1.44329598e-10
 1.00000000e-10 1.00000000e-10 1.00000000e-10 1.00000000e-10
 1.00000000e-10 1.00000000e-10 2.54769026e-10 1.00000000e-10
 1.00000000e-10 1.00000000e-10 1.00000000e-10 1.00000000e-10
 1.00000000e-10 1.00000000e-10 1.00000000e-10 1.00000000e-10
 1.00000000e-10 1.00000000e-10 1.00000000e-10 1.00000000e-10
 1.00000000e-10 1.00000000e-10 1.00000000e-10 1.00000000e-10
 1.00000000e-10 1.00000000e-10 2.31168597e-10 2.39038643e-10
 1.00000000e-10 1.00000000e-10 1.00000000e-10 1.00000000e-10
 1.00000000e-10 1.00000000e-10 1.00000000e-10 1.00000000e-10
 1.00000000e-10 1.00000000e-10 3.51619800e-10 1.00000000e-10
 1.00000000e-10 3.60151748e-10 1.00000000e-10 1.00000000e-10
 1.00000000e-10 1.00000000e-10 1.00000000e-10 1.00000000e-10
 1.00000000e-10 1.00000000e-10 1.00000000e-10 1.00000000e-10
 1.00000000e-10 1.00000000e-10 1.00000000e-10 1.00000000e-10
 1.00000000e-10 1.00000000e-10 1.00000000e-10 1.00000000e-10
 1.00000000e-10 2.26668469e-10 2.34527820e-10 1.00000000e-10
 1.00000000e-10 1.00000000e-10 1.79347029e-10 1.00000000e-10
 1.00000000e-10 1.00000000e-10 1.00000000e-10 1.00000000e-10
 1.00000000e-10 3.46534420e-10 1.00000000e-10 1.00000000e-10
 3.55434078e-10 1.00000000e-10 1.00000000e-10 1.00000000e-10
 1.00000000e-10 2.94248271e-10 1.00000000e-10 2.37242448e-10
 2.41678643e-10 1.00000000e-10 1.00000000e-10 1.00000000e-10
 1.91016911e-10 1.08599801e-10 3.85099747e-10 1.72767404e-10
 3.87914936e-10 1.80424530e-10 1.00000000e-10 1.00000000e-10
 1.00000000e-10 1.00000000e-10 1.00000000e-10 1.00000000e-10
 1.00000000e-10 1.00000000e-10 1.00000000e-10 3.58124735e-10
 1.00000000e-10 3.63104180e-10 1.00000000e-10 1.00000000e-10
 1.00000000e-10 3.07362851e-10 1.00000000e-10 2.13644075e-10
 1.00000000e-10 2.86948264e-10 1.00000000e-10 2.95566704e-10
 1.00000000e-10 1.00000000e-10 1.00000000e-10 1.35649300e-10
 1.00000000e-10 1.00000000e-10 1.00000000e-10 1.00000000e-10
 1.35769606e-10 1.35768527e-10 1.35613808e-10 1.35736253e-10
 1.00000000e-10 1.00000000e-10 1.00000000e-10 1.00000000e-10
 1.00000000e-10 1.35793306e-10 1.35741101e-10 1.35630995e-10
 1.35643765e-10 1.00000000e-10 1.00000000e-10 1.00000000e-10
 1.00000000e-10 1.00000000e-10 1.35733624e-10 1.35717502e-10
 1.35696598e-10 1.35664516e-10 1.35582761e-10 1.35753306e-10
 1.35915095e-10 1.35666404e-10 1.00000000e-10 1.00000000e-10
 1.00000000e-10 1.00000000e-10 1.00000000e-10 1.35711970e-10
 1.00000000e-10 1.00000000e-10 1.00000000e-10 1.35721985e-10
 1.35650398e-10 1.35619694e-10 1.00000000e-10 1.00000000e-10
 1.00000000e-10 1.35507515e-10 1.35632972e-10 1.35811237e-10
 1.35673613e-10 1.35685007e-10 1.35605737e-10 1.00000000e-10
 1.00000000e-10 1.00000000e-10 1.00000000e-10 1.00000000e-10
 1.00000000e-10 1.00000000e-10 1.00000000e-10 1.00000000e-10
 1.00000000e-10 1.00000000e-10 1.00000000e-10 1.00000000e-10
 1.00000000e-10 1.00000000e-10 1.35592812e-10 1.35498077e-10
 1.35902910e-10 1.35722303e-10 1.35674826e-10 1.35759745e-10
 1.35625707e-10 1.35682309e-10 1.35647672e-10 1.35661231e-10
 1.35676878e-10 1.35841662e-10 1.35573951e-10 1.35757959e-10
 1.00000000e-10 1.00000000e-10 1.00000000e-10 1.00000000e-10
 1.00000000e-10 1.00000000e-10 1.00000000e-10 1.00000000e-10
 1.00000000e-10 1.00000000e-10 1.00000000e-10 1.00000000e-10
 1.00000000e-10 1.35609158e-10 1.35809114e-10 1.35599728e-10
 1.00000000e-10 1.00000000e-10 1.00000000e-10 1.35740957e-10
 1.35721831e-10 1.35757043e-10 1.00000000e-10 1.35642983e-10
 1.35719437e-10 1.35645896e-10 1.35670489e-10 1.35574257e-10
 1.35653647e-10 1.35768003e-10 1.35535252e-10 1.35680721e-10
 1.35696345e-10 1.35652150e-10 1.35704220e-10 1.35659336e-10
 1.00000000e-10 1.00000000e-10 1.00000000e-10 1.00000000e-10
 1.00000000e-10 1.00000000e-10 1.00000000e-10 1.00000000e-10
 1.00000000e-10 1.00000000e-10 1.00000000e-10 1.00000000e-10
 1.35750215e-10 1.35797093e-10 1.35636160e-10 1.35650358e-10
 1.35751141e-10 1.35796347e-10 1.35636616e-10 1.35728156e-10
 1.35561133e-10 1.35667287e-10 1.35705510e-10 1.35628248e-10
 1.35839705e-10 1.35710672e-10 1.35763720e-10 1.00000000e-10
 1.00000000e-10 1.00000000e-10 1.00000000e-10 1.00000000e-10
 1.00000000e-10]"
-33.59999799585483	"[1.00000000e-10 1.00000000e-10 1.00000000e-10 1.00000000e-10
 1.00000000e-10 1.00000000e-10 1.00000000e-10 1.00000000e-10
 1.00000000e-10 7.83795296e-10 1.37778512e-09 4.56830144e-10
 1.00000000e-10 1.00000000e-10 1.00000000e-10 1.31267209e-09
 9.99999958e-01 1.00000000e-10 1.00000000e-10 1.00000000e-10
 1.00000000e-10 1.44689915e-09 1.00000000e-10 1.00000000e-10
 1.00000000e-10 1.00000000e-10 1.00000000e-10 1.00000000e-10
 1.00000000e-10 7.15892721e-10 1.00000000e-10 1.00000000e-10
 7.13380576e-10 1.60678630e-09 1.68150255e-10 1.00000000e-10
 1.00000000e-10 1.00000000e-10 1.00000000e-10 1.00000000e-10
 1.04391026e-09 1.00000000e-10 1.00000000e-10 1.00000000e-10
 1.00000000e-10 1.00000000e-10 1.00000000e-10 3.22150791e-10
 1.00000000e-10 1.00000000e-10 1.00000000e-10 1.00000000e-10
 1.00000000e-10 7.16069889e-10 1.00000000e-10 1.00000000e-10
 1.00000000e-10 1.00000000e-10 1.00000000e-10 1.00000000e-10
 1.00000000e-10 1.00000000e-10 1.00000000e-10 1.00000000e-10
 1.00000000e-10 1.00000000e-10 1.00000000e-10 1.00000000e-10
 1.00000000e-10 1.00000000e-10 1.00000000e-10 1.00000000e-10
 1.00000000e-10 1.00000000e-10 1.00000002e-10 1.00000001e-10
 1.00000001e-10 1.00000000e-10 1.00000000e-10 1.00000000e-10
 1.00000000e-10 1.00000000e-10 1.00000001e-10 1.00000004e-10
 1.00000001e-10 1.00000000e-10 1.00000000e-10 1.00000000e-10
 1.00000000e-10 1.00000001e-10 1.00000000e-10 1.00000000e-10
 1.00000001e-10 1.00000001e-10 1.00000000e-10 1.00000001e-10
 1.00000000e-10 1.00000000e-10 1.00000000e-10 1.00000000e-10
 1.00000000e-10 1.00000000e-10 1.00000004e-10 1.00000001e-10
 1.00000000e-10 1.00000000e-10 1.00000000e-10 1.00000000e-10
 1.00000001e-10 1.00000000e-10 1.00000001e-10 1.00000000e-10
 1.00000000e-10 1.00000005e-10 1.00000002e-10 1.00000002e-10
 1.00000005e-10 1.00000000e-10 1.00000003e-10 1.00000000e-10
 1.00000000e-10 1.00000002e-10 1.00000000e-10 1.00000000e-10
 1.00000000e-10 1.00000000e-10 1.00000000e-10 1.00000000e-10
 1.00000000e-10 1.00000000e-10 1.00000001e-10 1.00000001e-10
 1.00000000e-10 1.00000000e-10 1.00000000e-10 1.00000000e-10
 1.00000000e-10 1.00000000e-10 1.00000000e-10 1.00000000e-10
 1.00000000e-10 1.00000000e-10 1.00000000e-10 1.00000000e-10
 1.00000000e-10 1.00000000e-10 1.00000000e-10 1.00000000e-10
 1.00000000e-10 1.00000000e-10 1.00000000e-10 1.00000001e-10
 1.00000000e-10 1.00000000e-10 1.00000001e-10 1.00000000e-10
 1.00000000e-10 1.00000000e-10 1.00000000e-10 1.00000000e-10
 1.00000000e-10 1.00000000e-10 1.00000000e-10 1.00000000e-10
 1.00000000e-10 1.00000000e-10 1.88203178e-10 3.91002382e-10
 1.88614055e-10 1.87796042e-10 1.76241434e-10 1.74863721e-10
 3.90943762e-10 1.88174850e-10 1.88495039e-10 1.76728110e-10
 1.74677077e-10 4.58542133e-10 4.58362721e-10 3.90484574e-10
 2.40673302e-10 3.23698886e-10 1.88215263e-10 1.82057172e-10
 1.69123875e-10 1.75147916e-10 1.88479052e-10 1.72307456e-10
 1.88106461e-10 1.69161087e-10 1.75747445e-10 3.23306311e-10
 1.75674747e-10 1.88013202e-10 1.72952211e-10 5.40085465e-10
 1.33702925e-10 1.00000000e-10 1.88169965e-10 1.00000000e-10
 1.46341937e-10 1.34388927e-10 1.00000000e-10 1.46702022e-10
 1.83824251e-10 5.40210813e-10 3.90966854e-10 3.91005934e-10
 6.01740348e-10 1.67022776e-10 4.58606081e-10 4.58661149e-10
 1.88145541e-10 1.88422208e-10 1.34779596e-10 1.88466617e-10
 1.84603646e-10 1.80631898e-10 1.87999435e-10 1.83692562e-10
 1.00000000e-10 1.88177515e-10 1.00000000e-10 1.88007873e-10
 1.67018038e-10 1.88080704e-10 1.88386681e-10 1.67493298e-10
 1.00000000e-10 3.23297429e-10 1.75380213e-10 1.88191726e-10
 1.73032107e-10 3.23594081e-10 3.23306311e-10 3.23479506e-10
 1.88177071e-10 1.73274980e-10 1.84336265e-10 1.00000000e-10
 5.40150102e-10 3.90958861e-10 3.90798989e-10 6.01888673e-10
 4.58705557e-10 1.00000000e-10 3.90892247e-10 1.88237911e-10
 1.88158419e-10 1.34538526e-10 1.88116231e-10 1.84251618e-10
 1.80551972e-10 1.88154866e-10 1.83389234e-10 1.00000000e-10
 1.88204160e-10 1.00000000e-10 1.88015867e-10 1.88194390e-10
 1.63827147e-10 1.88123336e-10 1.00000000e-10 3.90831851e-10
 3.90902017e-10 6.01776269e-10 4.86941154e-10 2.41612096e-10
 3.90846950e-10 3.91009487e-10 3.90899353e-10 3.90900241e-10
 3.90839845e-10 3.90851391e-10 1.67331936e-10 4.89614339e-10
 2.46009782e-10 1.00000000e-10 4.58520816e-10 1.67177985e-10
 2.40971412e-10 1.00000000e-10 1.81157421e-10 1.88203716e-10
 1.83974514e-10 1.88225033e-10 1.84430216e-10 1.48748605e-10
 1.73468821e-10 1.88189505e-10 1.70065393e-10 1.88175295e-10
 1.78535457e-10 1.88246349e-10 1.00000000e-10 1.88269886e-10
 1.00000000e-10 1.67200049e-10 1.72780033e-10 1.00000000e-10
 1.00000000e-10 1.00000000e-10 1.00000000e-10 1.00000000e-10
 1.00000000e-10 1.00000000e-10 1.00000000e-10 1.00000000e-10
 1.00000000e-10 1.00000000e-10 1.00000000e-10 1.00000000e-10
 1.00000000e-10 1.00000000e-10 1.00000000e-10 1.00000000e-10
 1.00000000e-10 1.00000000e-10 1.00000000e-10 1.00000000e-10
 1.00000000e-10 1.00000000e-10 1.00000000e-10 1.00000000e-10
 1.00000000e-10 1.00000000e-10 1.00000000e-10 1.00000000e-10
 1.00000000e-10 1.00000000e-10 1.00000000e-10 1.00000000e-10
 1.00000000e-10 1.00000000e-10 1.00000000e-10 1.00000000e-10
 1.00000000e-10 1.00000000e-10 1.00000000e-10 1.00000000e-10
 1.00000000e-10 1.00000000e-10 1.00000000e-10 1.00000000e-10
 1.00000000e-10 1.00000000e-10 1.00000000e-10 1.00000000e-10
 1.00000000e-10 1.00000000e-10 1.00000000e-10 1.00000000e-10
 1.00000000e-10 1.00000000e-10 1.00000000e-10 1.00000000e-10
 1.00000000e-10 1.00000000e-10 1.00000000e-10 1.00000000e-10
 1.00000000e-10 1.00000000e-10 1.00000000e-10 1.00000000e-10
 1.00000000e-10 1.00000000e-10 1.00000000e-10 1.00000000e-10
 1.00000000e-10 1.00000000e-10 1.00000000e-10 1.00000000e-10
 1.00000000e-10 1.00000000e-10 1.00000000e-10 1.00000000e-10
 1.00000000e-10 1.00000000e-10 1.00000000e-10 1.00000000e-10
 1.00000000e-10 1.00000000e-10 1.00000000e-10 1.00000000e-10
 1.00000000e-10 1.00000000e-10 1.00000000e-10 1.00000000e-10
 1.00000000e-10 1.00000000e-10 1.00000000e-10 1.00000000e-10
 1.00000000e-10 1.00000000e-10 1.00000000e-10 1.00000000e-10
 1.00000000e-10 1.00000000e-10 1.00000000e-10 1.00000000e-10
 1.00000000e-10 1.00000000e-10 1.00000000e-10 1.00000000e-10
 1.00000000e-10 1.00000000e-10 1.00000000e-10 1.00000000e-10
 1.00000000e-10 1.00000000e-10 1.00000000e-10 1.00000000e-10
 1.00000000e-10 1.00000000e-10 1.00000000e-10 1.00000000e-10
 1.00000000e-10 1.00000000e-10 1.00000000e-10 1.00000000e-10
 1.00000000e-10 1.00000000e-10 1.00000000e-10 1.00000000e-10
 1.00000000e-10 1.00000000e-10 1.00000000e-10 1.00000000e-10
 1.00000000e-10 1.00000000e-10 1.00000000e-10 1.00000000e-10
 1.00000000e-10 1.00000000e-10 1.00000000e-10 1.00000000e-10
 1.00000000e-10 1.00000000e-10 1.00000000e-10 1.00000000e-10
 1.00000000e-10 1.00000000e-10 1.00000000e-10 1.00000000e-10
 1.00000000e-10 1.00000000e-10 1.00000000e-10 1.00000000e-10
 1.00000000e-10]"
-37.7999959214751	"[1.11051708e-10 1.05864334e-10 1.05026373e-10 1.03413411e-10
 1.00000000e-10 1.08182012e-10 1.11817383e-10 1.05963261e-10
 1.05474661e-10 1.00219046e-10 1.00399715e-10 1.00118646e-10
 1.11222931e-10 1.06358498e-10 1.05795824e-10 1.00379710e-10
 9.99999951e-01 1.09372427e-10 1.09378561e-10 1.06925945e-10
 1.10821020e-10 1.00419880e-10 1.03721780e-10 1.05567760e-10
 1.02658572e-10 1.07285880e-10 1.12503920e-10 1.04438111e-10
 1.08147126e-10 1.00199158e-10 1.07649825e-10 1.02056599e-10
 1.00199014e-10 1.00440043e-10 1.00018280e-10 1.11741935e-10
 1.04658681e-10 1.04861268e-10 1.11640760e-10 1.06458799e-10
 1.00299493e-10 1.09369930e-10 1.06593861e-10 1.06213320e-10
 1.05621269e-10 1.06204522e-10 1.05460007e-10 1.00058608e-10
 1.06770054e-10 1.05110702e-10 1.04243711e-10 1.01649123e-10
 1.06865457e-10 1.00198752e-10 1.05901620e-10 1.06957557e-10
 1.05010942e-10 1.06095131e-10 1.06560640e-10 1.07676802e-10
 1.08309372e-10 1.07056553e-10 1.06779934e-10 1.08018017e-10
 1.08570102e-10 1.07235605e-10 1.07043551e-10 1.06976984e-10
 1.07011801e-10 1.07937434e-10 1.07540490e-10 1.07388679e-10
 5.38582300e-10 5.41682695e-10 1.29044372e-09 6.48135227e-10
 6.46474460e-10 5.43250211e-10 1.09184634e-10 3.27553370e-10
 4.31988558e-10 4.31557824e-10 8.64050988e-10 2.26690395e-09
 8.66933796e-10 1.08563455e-10 5.33780284e-10 1.08030575e-10
 5.39329201e-10 9.69670472e-10 2.13546122e-10 1.05325056e-10
 6.51646818e-10 6.50675225e-10 4.32100460e-10 7.54161466e-10
 4.31836691e-10 4.30183029e-10 4.33091592e-10 1.06496793e-10
 1.07569409e-10 1.07974679e-10 2.16703055e-09 8.62516332e-10
 1.08443172e-10 5.38953530e-10 1.08514970e-10 5.38988167e-10
 9.66622475e-10 1.07507256e-10 6.43572113e-10 1.07433889e-10
 5.41023717e-10 2.37025165e-09 1.18847437e-09 1.18940866e-09
 2.47612869e-09 2.14671581e-10 1.72550441e-09 4.31788733e-10
 1.07190991e-10 1.18775322e-09 1.07604490e-10 1.06373637e-10
 1.07269422e-10 1.08063602e-10 1.07569840e-10 1.06620033e-10
 5.41310577e-10 5.39414460e-10 9.74501795e-10 7.52886139e-10
 3.25530697e-10 5.35075150e-10 1.06263761e-10 1.07751028e-10
 1.06766599e-10 1.06865512e-10 1.06260292e-10 1.07691747e-10
 1.06331036e-10 5.41205780e-10 5.34454360e-10 5.40406480e-10
 1.08156354e-10 1.08055664e-10 1.07340041e-10 5.38711964e-10
 1.07028980e-10 5.43356784e-10 2.17306384e-10 7.55198780e-10
 3.24022241e-10 1.07599036e-10 6.43358967e-10 1.07465834e-10
 2.14714654e-10 1.07101278e-10 3.25064883e-10 1.07704291e-10
 1.06431670e-10 1.07253728e-10 1.07306071e-10 1.07420470e-10
 1.06729714e-10 1.07936824e-10 1.00018323e-10 1.00078565e-10
 1.00018302e-10 1.00018300e-10 1.00018306e-10 1.00018339e-10
 1.00078553e-10 1.00018284e-10 1.00018235e-10 1.00018352e-10
 1.00018320e-10 1.00098576e-10 1.00098576e-10 1.00078528e-10
 1.00038402e-10 1.00058504e-10 1.00018315e-10 1.00018344e-10
 1.00018269e-10 1.00018360e-10 1.00018351e-10 1.00018315e-10
 1.00018299e-10 1.00018286e-10 1.00018301e-10 1.00058449e-10
 1.00018282e-10 1.00018295e-10 1.00018272e-10 1.00138776e-10
 1.00018319e-10 1.06902841e-10 1.00018307e-10 1.07274876e-10
 1.00018323e-10 1.00018339e-10 1.07142866e-10 1.00018285e-10
 1.00018346e-10 1.00138767e-10 1.00078523e-10 1.00078527e-10
 1.00158843e-10 1.00018301e-10 1.00098636e-10 1.00098604e-10
 1.00018297e-10 1.00018336e-10 1.00018329e-10 1.00018329e-10
 1.00018333e-10 1.00018320e-10 1.00018344e-10 1.00018309e-10
 1.07430739e-10 1.00018316e-10 1.07644344e-10 1.00018342e-10
 1.00018318e-10 1.00018319e-10 1.00018329e-10 1.00018286e-10
 1.07671584e-10 1.00058424e-10 1.00018325e-10 1.00018293e-10
 1.00018319e-10 1.00058463e-10 1.00058435e-10 1.00058443e-10
 1.00018306e-10 1.00018336e-10 1.00018344e-10 1.08128739e-10
 1.00138765e-10 1.00078519e-10 1.00078512e-10 1.00158838e-10
 1.00098591e-10 1.07447253e-10 1.00078531e-10 1.00018324e-10
 1.00018299e-10 1.00018297e-10 1.00018297e-10 1.00018326e-10
 1.00018296e-10 1.00018315e-10 1.00018333e-10 1.07234869e-10
 1.00018324e-10 1.07743826e-10 1.00018315e-10 1.00018300e-10
 1.00018304e-10 1.00018308e-10 1.07277582e-10 1.00078537e-10
 1.00078527e-10 1.00158843e-10 1.00118693e-10 1.00038390e-10
 1.00078550e-10 1.00078533e-10 1.00078531e-10 1.00078531e-10
 1.00078535e-10 1.00078531e-10 1.00018314e-10 1.00118683e-10
 1.00038383e-10 1.07680742e-10 1.00098599e-10 1.00018296e-10
 1.00038376e-10 1.07497486e-10 1.00018302e-10 1.00018318e-10
 1.00018297e-10 1.00018304e-10 1.00018310e-10 1.00018300e-10
 1.00018309e-10 1.00018308e-10 1.00018300e-10 1.00018300e-10
 1.00018298e-10 1.00018300e-10 1.07785373e-10 1.00018314e-10
 1.07477032e-10 1.00018305e-10 1.00018309e-10 2.16961131e-10
 1.07385876e-10 1.07856075e-10 1.07487440e-10 1.07361175e-10
 2.14563231e-10 2.16832355e-10 2.14105854e-10 2.14788145e-10
 1.06669531e-10 1.07699268e-10 1.07310317e-10 1.07249689e-10
 1.08126796e-10 2.15826791e-10 2.16522182e-10 2.16233324e-10
 2.14481081e-10 1.07281204e-10 1.07603074e-10 1.07416058e-10
 1.06883233e-10 1.07058982e-10 2.15492417e-10 2.13880496e-10
 2.15505295e-10 2.15267947e-10 2.15222876e-10 2.15914048e-10
 2.15768620e-10 2.16728890e-10 1.07692149e-10 1.08161821e-10
 1.08395464e-10 1.07610956e-10 1.08219881e-10 2.15492861e-10
 1.07463849e-10 1.06841089e-10 1.07630453e-10 2.16768411e-10
 2.15049250e-10 2.15218435e-10 1.07267424e-10 1.07251160e-10
 1.07867010e-10 2.15104313e-10 2.15678921e-10 2.14783039e-10
 2.16114095e-10 2.14785925e-10 2.15103647e-10 1.07148251e-10
 1.07701502e-10 1.07183650e-10 1.07322209e-10 1.07375968e-10
 1.08131376e-10 1.07486718e-10 1.07160976e-10 1.07034725e-10
 1.07247539e-10 1.07540379e-10 1.07174464e-10 1.07579664e-10
 1.06835927e-10 1.07498388e-10 2.15157378e-10 2.16177817e-10
 2.16154726e-10 2.15893399e-10 2.16439810e-10 2.15379627e-10
 2.16128749e-10 2.15218657e-10 2.15590554e-10 2.15415818e-10
 2.16521072e-10 2.16452021e-10 2.15370746e-10 2.14339205e-10
 1.07517039e-10 1.07860696e-10 1.07260874e-10 1.07341678e-10
 1.07324554e-10 1.07906323e-10 1.07039665e-10 1.08120566e-10
 1.07539616e-10 1.08033933e-10 1.07150887e-10 1.07306209e-10
 1.07445518e-10 2.14767719e-10 2.16024840e-10 2.17404076e-10
 1.08112642e-10 1.07543196e-10 1.06939003e-10 2.15688690e-10
 2.14220198e-10 2.14881619e-10 1.07789827e-10 2.15668041e-10
 2.14874958e-10 2.15143168e-10 2.14280368e-10 2.14424464e-10
 2.15512622e-10 2.15521059e-10 2.14882507e-10 2.14957331e-10
 2.14352971e-10 2.15473767e-10 2.16293049e-10 2.14428016e-10
 1.07571241e-10 1.07596330e-10 1.07614634e-10 1.08156631e-10
 1.07260791e-10 1.06542906e-10 1.08126977e-10 1.08034724e-10
 1.07542891e-10 1.07161059e-10 1.07952796e-10 1.07126311e-10
 2.14652708e-10 2.16032167e-10 2.15080778e-10 2.14698668e-10
 2.15882076e-10 2.16455352e-10 2.15646061e-10 2.15176694e-10
 2.14932907e-10 2.14248174e-10 2.16377864e-10 2.15916490e-10
 2.15880744e-10 2.15210886e-10 2.15528830e-10 1.07273405e-10
 1.07351045e-10 1.07862320e-10 1.07052793e-10 1.07578513e-10
 1.06804593e-10]"
-42.000003904422236	"[1.00000001e-10 1.00000001e-10 1.00000001e-10 1.00000001e-10
 1.00000001e-10 1.00000001e-10 1.00000001e-10 1.00000001e-10
 1.00000001e-10 8.35316043e-09 1.51669312e-08 4.57402881e-09
 1.00000001e-10 1.00000001e-10 1.00000001e-10 1.44085263e-08
 9.99999987e-01 1.00000001e-10 1.00000001e-10 1.00000001e-10
 1.00000001e-10 1.59233182e-08 1.00000001e-10 1.00000001e-10
 1.00000001e-10 1.00000001e-10 1.00000001e-10 1.00000001e-10
 1.00000001e-10 7.60173663e-09 1.00000001e-10 1.00000001e-10
 7.59927460e-09 1.66798093e-08 7.80688991e-10 1.00000001e-10
 1.00000001e-10 1.00000001e-10 1.00000001e-10 1.00000001e-10
 1.13831811e-08 1.00000001e-10 1.00000001e-10 1.00000001e-10
 1.00000001e-10 1.00000001e-10 1.00000001e-10 2.29913406e-09
 1.00000001e-10 1.00000001e-10 1.00000001e-10 1.00000001e-10
 1.00000001e-10 7.59958013e-09 1.00000001e-10 1.00000001e-10
 1.00000001e-10 1.00000001e-10 1.00000001e-10 1.00000001e-10
 1.00000001e-10 1.00000001e-10 1.00000001e-10 1.00000001e-10
 1.00000001e-10 1.00000001e-10 1.00000001e-10 1.00000001e-10
 1.00000001e-10 1.00000001e-10 1.00000001e-10 1.00000001e-10
 1.00000051e-10 1.00000051e-10 1.00000138e-10 1.00000063e-10
 1.00000063e-10 1.00000051e-10 1.00000001e-10 1.00000026e-10
 1.00000038e-10 1.00000038e-10 1.00000088e-10 1.00000249e-10
 1.00000088e-10 1.00000001e-10 1.00000051e-10 1.00000001e-10
 1.00000051e-10 1.00000100e-10 1.00000014e-10 1.00000001e-10
 1.00000063e-10 1.00000063e-10 1.00000038e-10 1.00000075e-10
 1.00000038e-10 1.00000038e-10 1.00000038e-10 1.00000001e-10
 1.00000001e-10 1.00000001e-10 1.00000237e-10 1.00000088e-10
 1.00000001e-10 1.00000051e-10 1.00000001e-10 1.00000051e-10
 1.00000100e-10 1.00000001e-10 1.00000063e-10 1.00000001e-10
 1.00000051e-10 1.00000262e-10 1.00000125e-10 1.00000125e-10
 1.00000274e-10 1.00000014e-10 1.00000187e-10 1.00000038e-10
 1.00000001e-10 1.00000125e-10 1.00000001e-10 1.00000001e-10
 1.00000001e-10 1.00000001e-10 1.00000001e-10 1.00000001e-10
 1.00000051e-10 1.00000051e-10 1.00000100e-10 1.00000076e-10
 1.00000026e-10 1.00000051e-10 1.00000001e-10 1.00000001e-10
 1.00000001e-10 1.00000001e-10 1.00000001e-10 1.00000001e-10
 1.00000001e-10 1.00000051e-10 1.00000051e-10 1.00000051e-10
 1.00000001e-10 1.00000001e-10 1.00000001e-10 1.00000051e-10
 1.00000001e-10 1.00000051e-10 1.00000014e-10 1.00000076e-10
 1.00000026e-10 1.00000001e-10 1.00000063e-10 1.00000001e-10
 1.00000014e-10 1.00000001e-10 1.00000026e-10 1.00000001e-10
 1.00000001e-10 1.00000001e-10 1.00000001e-10 1.00000001e-10
 1.00000001e-10 1.00000001e-10 7.86385101e-10 3.05716533e-09
 7.85682330e-10 7.85906438e-10 7.86567399e-10 7.86294951e-10
 3.05620113e-09 7.86530096e-10 7.85994092e-10 7.86690634e-10
 7.86461262e-10 3.81389271e-09 3.81409577e-09 3.05684909e-09
 1.54351968e-09 2.29995337e-09 7.85750088e-10 7.85483822e-10
 7.85990306e-10 7.86699738e-10 7.86180919e-10 7.86180820e-10
 7.86118057e-10 7.86278519e-10 7.86192810e-10 2.30013681e-09
 7.86061360e-10 7.85818018e-10 7.86617360e-10 5.32750794e-09
 7.86642466e-10 1.00000001e-10 7.86018505e-10 1.00000001e-10
 7.86347157e-10 7.86674042e-10 1.00000001e-10 7.86008648e-10
 7.85879283e-10 5.32717051e-09 3.05690436e-09 3.05618293e-09
 6.08401121e-09 7.86157949e-10 3.81384720e-09 3.81396777e-09
 7.85563314e-10 7.86312714e-10 7.85943632e-10 7.86583509e-10
 7.86130860e-10 7.86399756e-10 7.85524647e-10 7.86300946e-10
 1.00000001e-10 7.86279731e-10 1.00000001e-10 7.85881060e-10
 7.86459708e-10 7.86193258e-10 7.85679190e-10 7.86272746e-10
 1.00000001e-10 2.29986910e-09 7.85412101e-10 7.86019558e-10
 7.86056253e-10 2.30003454e-09 2.29979988e-09 2.29990506e-09
 7.86062955e-10 7.86207909e-10 7.86016204e-10 1.00000001e-10
 5.32755930e-09 3.05632423e-09 3.05719071e-09 6.08422291e-09
 3.81377213e-09 1.00000001e-10 3.05689981e-09 7.85835096e-10
 7.86243881e-10 7.86609761e-10 7.85944142e-10 7.85976317e-10
 7.86132636e-10 7.86316389e-10 7.86124643e-10 1.00000001e-10
 7.86357674e-10 1.00000001e-10 7.85976317e-10 7.86274439e-10
 7.86093556e-10 7.85909126e-10 1.00000001e-10 3.05658714e-09
 3.05695014e-09 6.08433147e-09 4.57046053e-09 1.54312887e-09
 3.05664518e-09 3.05683671e-09 3.05685617e-09 3.05692329e-09
 3.05687316e-09 3.05671919e-09 7.86002740e-10 4.57068887e-09
 1.54298799e-09 1.00000001e-10 3.81356424e-09 7.86112652e-10
 1.54297727e-09 1.00000001e-10 7.86087561e-10 7.86362080e-10
 7.86141740e-10 7.86190590e-10 7.86040266e-10 7.86223821e-10
 7.86156173e-10 7.85864412e-10 7.86132636e-10 7.86325390e-10
 7.86052256e-10 7.86126268e-10 1.00000001e-10 7.86128817e-10
 1.00000001e-10 7.86064246e-10 7.85869957e-10 1.00000014e-10
 1.00000001e-10 1.00000001e-10 1.00000001e-10 1.00000001e-10
 1.00000014e-10 1.00000014e-10 1.00000014e-10 1.00000014e-10
 1.00000001e-10 1.00000001e-10 1.00000001e-10 1.00000001e-10
 1.00000001e-10 1.00000014e-10 1.00000014e-10 1.00000014e-10
 1.00000014e-10 1.00000001e-10 1.00000001e-10 1.00000001e-10
 1.00000001e-10 1.00000001e-10 1.00000014e-10 1.00000014e-10
 1.00000014e-10 1.00000014e-10 1.00000014e-10 1.00000014e-10
 1.00000014e-10 1.00000014e-10 1.00000001e-10 1.00000001e-10
 1.00000001e-10 1.00000001e-10 1.00000001e-10 1.00000014e-10
 1.00000001e-10 1.00000001e-10 1.00000001e-10 1.00000014e-10
 1.00000014e-10 1.00000014e-10 1.00000001e-10 1.00000001e-10
 1.00000001e-10 1.00000014e-10 1.00000014e-10 1.00000014e-10
 1.00000014e-10 1.00000014e-10 1.00000014e-10 1.00000001e-10
 1.00000001e-10 1.00000001e-10 1.00000001e-10 1.00000001e-10
 1.00000001e-10 1.00000001e-10 1.00000001e-10 1.00000001e-10
 1.00000001e-10 1.00000001e-10 1.00000001e-10 1.00000001e-10
 1.00000001e-10 1.00000001e-10 1.00000014e-10 1.00000014e-10
 1.00000014e-10 1.00000014e-10 1.00000014e-10 1.00000014e-10
 1.00000014e-10 1.00000014e-10 1.00000014e-10 1.00000014e-10
 1.00000014e-10 1.00000014e-10 1.00000014e-10 1.00000014e-10
 1.00000001e-10 1.00000001e-10 1.00000001e-10 1.00000001e-10
 1.00000001e-10 1.00000001e-10 1.00000001e-10 1.00000001e-10
 1.00000001e-10 1.00000001e-10 1.00000001e-10 1.00000001e-10
 1.00000001e-10 1.00000014e-10 1.00000014e-10 1.00000014e-10
 1.00000001e-10 1.00000001e-10 1.00000001e-10 1.00000014e-10
 1.00000014e-10 1.00000014e-10 1.00000001e-10 1.00000014e-10
 1.00000014e-10 1.00000014e-10 1.00000014e-10 1.00000014e-10
 1.00000014e-10 1.00000014e-10 1.00000014e-10 1.00000014e-10
 1.00000014e-10 1.00000014e-10 1.00000014e-10 1.00000014e-10
 1.00000001e-10 1.00000001e-10 1.00000001e-10 1.00000001e-10
 1.00000001e-10 1.00000001e-10 1.00000001e-10 1.00000001e-10
 1.00000001e-10 1.00000001e-10 1.00000001e-10 1.00000001e-10
 1.00000014e-10 1.00000014e-10 1.00000014e-10 1.00000014e-10
 1.00000014e-10 1.00000014e-10 1.00000014e-10 1.00000014e-10
 1.00000014e-10 1.00000014e-10 1.00000014e-10 1.00000014e-10
 1.00000014e-10 1.00000014e-10 1.00000014e-10 1.00000001e-10
 1.00000001e-10 1.00000001e-10 1.00000001e-10 1.00000001e-10
 1.00000001e-10]"
