F vs T	p vs T
-8.108524456778168	"[0.00362319 0.00362319 0.00362319 0.00362319 0.00362319 0.00362319
 0.00362319 0.00362319 0.00362319 0.00362319 0.00362319 0.00362319
 0.00362319 0.00362319 0.00362319 0.00362319 0.00362319 0.00362319
 0.00362319 0.00362319 0.00362319 0.00362319 0.00362319 0.00362319
 0.00362319 0.00362319 0.00362319 0.00362319 0.00362319 0.00362319
 0.00362319 0.00362319 0.00362319 0.00362319 0.00362319 0.00362319
 0.00362319 0.00362319 0.00362319 0.00362319 0.00362319 0.00362319
 0.00362319 0.00362319 0.00362319 0.00362319 0.00362319 0.00362319
 0.00362319 0.00362319 0.00362319 0.00362319 0.00362319 0.00362319
 0.00362319 0.00362319 0.00362319 0.00362319 0.00362319 0.00362319
 0.00362319 0.00362319 0.00362319 0.00362319 0.00362319 0.00362319
 0.00362319 0.00362319 0.00362319 0.00362319 0.00362319 0.00362319
 0.00362319 0.00362319 0.00362319 0.00362319 0.00362319 0.00362319
 0.00362319 0.00362319 0.00362319 0.00362319 0.00362319 0.00362319
 0.00362319 0.00362319 0.00362319 0.00362319 0.00362319 0.00362319
 0.00362319 0.00362319 0.00362319 0.00362319 0.00362319 0.00362319
 0.00362319 0.00362319 0.00362319 0.00362319 0.00362319 0.00362319
 0.00362319 0.00362319 0.00362319 0.00362319 0.00362319 0.00362319
 0.00362319 0.00362319 0.00362319 0.00362319 0.00362319 0.00362319
 0.00362319 0.00362319 0.00362319 0.00362319 0.00362319 0.00362319
 0.00362319 0.00362319 0.00362319 0.00362319 0.00362319 0.00362319
 0.00362319 0.00362319 0.00362319 0.00362319 0.00362319 0.00362319
 0.00362319 0.00362319 0.00362319 0.00362319 0.00362319 0.00362319
 0.00362319 0.00362319 0.00362319 0.00362319 0.00362319 0.00362319
 0.00362319 0.00362319 0.00362319 0.00362319 0.00362319 0.00362319
 0.00362319 0.00362319 0.00362319 0.00362319 0.00362319 0.00362319
 0.00362319 0.00362319 0.00362319 0.00362319 0.00362319 0.00362319
 0.00362319 0.00362319 0.00362319 0.00362319 0.00362319 0.00362319
 0.00362319 0.00362319 0.00362319 0.00362319 0.00362319 0.00362319
 0.00362319 0.00362319 0.00362319 0.00362319 0.00362319 0.00362319
 0.00362319 0.00362319 0.00362319 0.00362319 0.00362319 0.00362319
 0.00362319 0.00362319 0.00362319 0.00362319 0.00362319 0.00362319
 0.00362319 0.00362319 0.00362319 0.00362319 0.00362319 0.00362319
 0.00362319 0.00362319 0.00362319 0.00362319 0.00362319 0.00362319
 0.00362319 0.00362319 0.00362319 0.00362319 0.00362319 0.00362319
 0.00362319 0.00362319 0.00362319 0.00362319 0.00362319 0.00362319
 0.00362319 0.00362319 0.00362319 0.00362319 0.00362319 0.00362319
 0.00362319 0.00362319 0.00362319 0.00362319 0.00362319 0.00362319
 0.00362319 0.00362319 0.00362319 0.00362319 0.00362319 0.00362319
 0.00362319 0.00362319 0.00362319 0.00362319 0.00362319 0.00362319
 0.00362319 0.00362319 0.00362319 0.00362319 0.00362319 0.00362319
 0.00362319 0.00362319 0.00362319 0.00362319 0.00362319 0.00362319
 0.00362319 0.00362319 0.00362319 0.00362319 0.00362319 0.00362319
 0.00362319 0.00362319 0.00362319 0.00362319 0.00362319 0.00362319
 0.00362319 0.00362319 0.00362319 0.00362319 0.00362319 0.00362319
 0.00362319 0.00362319 0.00362319 0.00362319 0.00362319 0.00362319]"
-7.2976563944236865	"[0.00362531 0.00362328 0.00362328 0.00362328 0.00362328 0.00362531
 0.00362328 0.00362328 0.00362328 0.00362531 0.00362328 0.00362328
 0.00362733 0.00362328 0.00362328 0.00362733 0.00362531 0.00362733
 0.00362328 0.00362328 0.00362328 0.00362531 0.00362328 0.00362328
 0.00362531 0.00362328 0.00362531 0.00362531 0.00362328 0.00362531
 0.00362531 0.00362328 0.00362328 0.00362531 0.00362531 0.00362328
 0.00362328 0.00362328 0.00362328 0.00362328 0.00362328 0.00362531
 0.00362328 0.00362328 0.00362328 0.00362328 0.00362328 0.00362531
 0.00362328 0.00362328 0.00362531 0.00362531 0.00362531 0.00362531
 0.00362328 0.00362328 0.00362328 0.00362328 0.00362328 0.00362733
 0.00362328 0.00362531 0.00362733 0.00362328 0.00362328 0.00362531
 0.00362733 0.00362125 0.00362328 0.00362328 0.00362328 0.00362531
 0.00362531 0.00362733 0.00362328 0.00362328 0.00362328 0.00362531
 0.00362328 0.00362733 0.00362328 0.00362328 0.00362328 0.00362328
 0.00362328 0.00362936 0.00362328 0.00362328 0.00362328 0.00362531
 0.00362733 0.00362328 0.00362328 0.00362328 0.00362328 0.00362531
 0.00362531 0.00362733 0.00362328 0.00362328 0.00362125 0.00362125
 0.00362328 0.00362125 0.00362328 0.00362125 0.00362328 0.00362328
 0.00362328 0.00362328 0.00362125 0.00362125 0.00362125 0.00362125
 0.00362328 0.00362328 0.00362125 0.00362125 0.00362125 0.00362328
 0.00362328 0.00362328 0.00362125 0.00362125 0.00362328 0.00362328
 0.00362328 0.00362125 0.00362328 0.00362125 0.00362125 0.00362328
 0.00362125 0.00362125 0.00362328 0.00362328 0.00362125 0.00362328
 0.00362328 0.00362531 0.00362328 0.00362125 0.00362328 0.00362328
 0.00362125 0.00362328 0.00362125 0.00362125 0.00362125 0.00362125
 0.00362125 0.00362328 0.00362328 0.00362125 0.00362125 0.00362125
 0.00362328 0.00362328 0.00362125 0.00362328 0.00362328 0.00362328
 0.00362328 0.00362531 0.00362328 0.00362125 0.00362328 0.00362328
 0.00362125 0.00362125 0.00362125 0.00362328 0.00362328 0.00362328
 0.00362328 0.00362328 0.00362328 0.00362328 0.00362328 0.00362531
 0.00362531 0.00362125 0.00362328 0.00362328 0.00362328 0.00362328
 0.00362531 0.00362328 0.00362125 0.00362125 0.00362328 0.00362328
 0.00362328 0.00362125 0.00362125 0.00362531 0.00362328 0.00362328
 0.00362328 0.00362328 0.00362531 0.00362125 0.00362531 0.00362125
 0.00362125 0.00362125 0.00362531 0.00362328 0.00362328 0.00362531
 0.00362125 0.00362125 0.00362125 0.00362125 0.00362125 0.00362531
 0.00362125 0.00362125 0.00362125 0.00362328 0.00362328 0.00362531
 0.00362328 0.00362125 0.00362531 0.00362531 0.00362531 0.00362531
 0.00362531 0.00362531 0.00362125 0.00362125 0.00362125 0.00362125
 0.00362125 0.00362125 0.00362125 0.00362125 0.00362328 0.00362328
 0.00362125 0.00362328 0.00362125 0.00362531 0.00362531 0.00362531
 0.00362125 0.00362125 0.00362125 0.00362125 0.00362125 0.00362125
 0.00362328 0.00362328 0.00362328 0.00362733 0.00362328 0.00362125
 0.00362125 0.00362328 0.00362125 0.00362125 0.00362531 0.00362125
 0.00362125 0.00362328 0.00362125 0.00362125 0.00362125 0.00362125
 0.00362125 0.00362125 0.00362125 0.00362125 0.00362125 0.00362125]"
-6.486788675291709	"[0.00362797 0.00362339 0.00362339 0.00362339 0.00362339 0.00362797
 0.00362339 0.00362339 0.00362339 0.00362797 0.00362339 0.00362339
 0.00363256 0.00362339 0.00362339 0.00363256 0.00362797 0.00363256
 0.00362339 0.00362339 0.00362339 0.00362797 0.00362339 0.00362339
 0.00362797 0.00362339 0.00362797 0.00362797 0.00362339 0.00362797
 0.00362797 0.00362339 0.00362339 0.00362797 0.00362797 0.00362339
 0.00362339 0.00362339 0.00362339 0.00362339 0.00362339 0.00362797
 0.00362339 0.00362339 0.00362339 0.00362339 0.00362339 0.00362797
 0.00362339 0.00362339 0.00362797 0.00362797 0.00362797 0.00362797
 0.00362339 0.00362339 0.00362339 0.00362339 0.00362339 0.00363256
 0.00362339 0.00362797 0.00363256 0.00362339 0.00362339 0.00362797
 0.00363256 0.0036188  0.00362339 0.00362339 0.00362339 0.00362797
 0.00362797 0.00363256 0.00362339 0.00362339 0.00362339 0.00362797
 0.00362339 0.00363256 0.00362339 0.00362339 0.00362339 0.00362339
 0.00362339 0.00363714 0.00362339 0.00362339 0.00362339 0.00362797
 0.00363256 0.00362339 0.00362339 0.00362339 0.00362339 0.00362797
 0.00362797 0.00363256 0.00362339 0.00362339 0.0036188  0.0036188
 0.00362339 0.0036188  0.00362339 0.0036188  0.00362339 0.00362339
 0.00362339 0.00362339 0.0036188  0.0036188  0.0036188  0.0036188
 0.00362339 0.00362339 0.0036188  0.0036188  0.0036188  0.00362339
 0.00362339 0.00362339 0.0036188  0.0036188  0.00362339 0.00362339
 0.00362339 0.0036188  0.00362339 0.0036188  0.0036188  0.00362339
 0.0036188  0.0036188  0.00362339 0.00362339 0.0036188  0.00362339
 0.00362339 0.00362797 0.00362339 0.0036188  0.00362339 0.00362339
 0.0036188  0.00362339 0.0036188  0.0036188  0.0036188  0.0036188
 0.0036188  0.00362339 0.00362339 0.0036188  0.0036188  0.0036188
 0.00362339 0.00362339 0.0036188  0.00362339 0.00362339 0.00362339
 0.00362339 0.00362797 0.00362339 0.0036188  0.00362339 0.00362339
 0.0036188  0.0036188  0.0036188  0.00362339 0.00362339 0.00362339
 0.00362339 0.00362339 0.00362339 0.00362339 0.00362339 0.00362797
 0.00362797 0.0036188  0.00362339 0.00362339 0.00362339 0.00362339
 0.00362797 0.00362339 0.0036188  0.0036188  0.00362339 0.00362339
 0.00362339 0.0036188  0.0036188  0.00362797 0.00362339 0.00362339
 0.00362339 0.00362339 0.00362797 0.0036188  0.00362797 0.0036188
 0.0036188  0.0036188  0.00362797 0.00362339 0.00362339 0.00362797
 0.0036188  0.0036188  0.0036188  0.0036188  0.0036188  0.00362797
 0.0036188  0.0036188  0.0036188  0.00362339 0.00362339 0.00362797
 0.00362339 0.0036188  0.00362797 0.00362797 0.00362797 0.00362797
 0.00362797 0.00362797 0.0036188  0.0036188  0.0036188  0.0036188
 0.0036188  0.0036188  0.0036188  0.0036188  0.00362339 0.00362339
 0.0036188  0.00362339 0.0036188  0.00362797 0.00362797 0.00362797
 0.0036188  0.0036188  0.0036188  0.0036188  0.0036188  0.0036188
 0.00362339 0.00362339 0.00362339 0.00363256 0.00362339 0.0036188
 0.0036188  0.00362339 0.0036188  0.0036188  0.00362797 0.0036188
 0.0036188  0.00362339 0.0036188  0.0036188  0.0036188  0.0036188
 0.0036188  0.0036188  0.0036188  0.0036188  0.0036188  0.0036188 ]"
-5.675921452507241	"[0.00363143 0.00362353 0.00362353 0.00362353 0.00362353 0.00363143
 0.00362353 0.00362353 0.00362353 0.00363143 0.00362353 0.00362353
 0.00363933 0.00362353 0.00362353 0.00363933 0.00363143 0.00363933
 0.00362353 0.00362353 0.00362353 0.00363143 0.00362353 0.00362353
 0.00363143 0.00362353 0.00363143 0.00363143 0.00362353 0.00363143
 0.00363143 0.00362353 0.00362353 0.00363143 0.00363143 0.00362353
 0.00362353 0.00362353 0.00362353 0.00362353 0.00362353 0.00363143
 0.00362353 0.00362353 0.00362353 0.00362353 0.00362353 0.00363143
 0.00362353 0.00362353 0.00363143 0.00363143 0.00363143 0.00363143
 0.00362353 0.00362353 0.00362353 0.00362353 0.00362353 0.00363933
 0.00362353 0.00363143 0.00363933 0.00362353 0.00362353 0.00363143
 0.00363933 0.00361563 0.00362353 0.00362353 0.00362353 0.00363143
 0.00363143 0.00363933 0.00362353 0.00362353 0.00362353 0.00363143
 0.00362353 0.00363933 0.00362353 0.00362353 0.00362353 0.00362353
 0.00362353 0.00364723 0.00362353 0.00362353 0.00362353 0.00363143
 0.00363933 0.00362353 0.00362353 0.00362353 0.00362353 0.00363143
 0.00363143 0.00363933 0.00362353 0.00362353 0.00361563 0.00361563
 0.00362353 0.00361563 0.00362353 0.00361563 0.00362353 0.00362353
 0.00362353 0.00362353 0.00361563 0.00361563 0.00361563 0.00361563
 0.00362353 0.00362353 0.00361563 0.00361563 0.00361563 0.00362353
 0.00362353 0.00362353 0.00361563 0.00361563 0.00362353 0.00362353
 0.00362353 0.00361563 0.00362353 0.00361563 0.00361563 0.00362353
 0.00361563 0.00361563 0.00362353 0.00362353 0.00361563 0.00362353
 0.00362353 0.00363143 0.00362353 0.00361563 0.00362353 0.00362353
 0.00361563 0.00362353 0.00361563 0.00361563 0.00361563 0.00361563
 0.00361563 0.00362353 0.00362353 0.00361563 0.00361563 0.00361563
 0.00362353 0.00362353 0.00361563 0.00362353 0.00362353 0.00362353
 0.00362353 0.00363143 0.00362353 0.00361563 0.00362353 0.00362353
 0.00361563 0.00361563 0.00361563 0.00362353 0.00362353 0.00362353
 0.00362353 0.00362353 0.00362353 0.00362353 0.00362353 0.00363143
 0.00363143 0.00361563 0.00362353 0.00362353 0.00362353 0.00362353
 0.00363143 0.00362353 0.00361563 0.00361563 0.00362353 0.00362353
 0.00362353 0.00361563 0.00361563 0.00363143 0.00362353 0.00362353
 0.00362353 0.00362353 0.00363143 0.00361563 0.00363143 0.00361563
 0.00361563 0.00361563 0.00363143 0.00362353 0.00362353 0.00363143
 0.00361563 0.00361563 0.00361563 0.00361563 0.00361563 0.00363143
 0.00361563 0.00361563 0.00361563 0.00362353 0.00362353 0.00363143
 0.00362353 0.00361563 0.00363143 0.00363143 0.00363143 0.00363143
 0.00363143 0.00363143 0.00361563 0.00361563 0.00361563 0.00361563
 0.00361563 0.00361563 0.00361563 0.00361563 0.00362353 0.00362353
 0.00361563 0.00362353 0.00361563 0.00363143 0.00363143 0.00363143
 0.00361563 0.00361563 0.00361563 0.00361563 0.00361563 0.00361563
 0.00362353 0.00362353 0.00362353 0.00363933 0.00362353 0.00361563
 0.00361563 0.00362353 0.00361563 0.00361563 0.00363143 0.00361563
 0.00361563 0.00362353 0.00361563 0.00361563 0.00361563 0.00361563
 0.00361563 0.00361563 0.00361563 0.00361563 0.00361563 0.00361563]"
-4.865054988797388	"[0.00363701 0.00362376 0.00362372 0.00362372 0.00362372 0.00363601
 0.00362376 0.00362372 0.00362372 0.0036361  0.00362372 0.00362372
 0.00364843 0.00362372 0.00362372 0.00364848 0.00363605 0.00364843
 0.00362398 0.00362376 0.00362372 0.00363601 0.00362372 0.00362376
 0.00363597 0.0036238  0.00363692 0.0036361  0.0036238  0.00363597
 0.00363605 0.00362376 0.00362376 0.00363597 0.00363597 0.0036238
 0.00362372 0.00362376 0.00362372 0.00362372 0.00362376 0.00363605
 0.00362376 0.00362372 0.00362398 0.00362376 0.00362372 0.00363623
 0.00362376 0.0036238  0.00363597 0.00363605 0.00363714 0.00363605
 0.0036238  0.00362372 0.00362372 0.0036238  0.00362372 0.00364839
 0.00362372 0.00363597 0.00364843 0.00362372 0.00362502 0.00363618
 0.00364843 0.00361203 0.00362402 0.00362372 0.00362376 0.00363692
 0.00363614 0.00364848 0.00362385 0.00362372 0.00362372 0.00363601
 0.0036238  0.00364869 0.00362376 0.0036238  0.00362372 0.00362372
 0.00362372 0.0036612  0.00362385 0.00362376 0.00362376 0.00363601
 0.00364839 0.00362376 0.00362376 0.00362402 0.0036238  0.00363597
 0.00363601 0.00364843 0.0036238  0.00362372 0.00361055 0.00361055
 0.00362263 0.00361055 0.00362358 0.00361147 0.00362372 0.00362363
 0.00362363 0.00362363 0.00361151 0.00361142 0.00361147 0.00361147
 0.00362363 0.00362367 0.00361151 0.00361142 0.00361138 0.00362363
 0.00362367 0.00362363 0.00361138 0.00361142 0.00362367 0.00362367
 0.00362363 0.00361151 0.00362363 0.00361134 0.00361138 0.00362367
 0.00361142 0.00361138 0.00362358 0.00362363 0.00361142 0.00362354
 0.0036235  0.00363557 0.00362354 0.00361147 0.00362367 0.00362363
 0.00361147 0.00362363 0.00361147 0.00361142 0.00361055 0.00361055
 0.00361055 0.00362363 0.00362363 0.00361147 0.00361138 0.00361147
 0.00362367 0.00362363 0.00361147 0.00362372 0.00362372 0.00362363
 0.00362358 0.0036357  0.00362358 0.00361151 0.00362372 0.00362367
 0.00361147 0.00361147 0.00361138 0.00362367 0.00362354 0.00362315
 0.00362354 0.00362354 0.00362358 0.00362363 0.00362367 0.00363566
 0.0036357  0.00361142 0.00362354 0.00362354 0.00362367 0.00362372
 0.00363479 0.00362354 0.00361055 0.00361138 0.00362363 0.00362358
 0.00362367 0.00361151 0.00361142 0.00363605 0.00362367 0.00362367
 0.00362363 0.00362367 0.00363562 0.00361055 0.00363566 0.00361134
 0.00361138 0.00361142 0.00363562 0.00362337 0.00362354 0.00363557
 0.00361138 0.00361134 0.00361138 0.00361147 0.00361142 0.00363583
 0.00361142 0.00361142 0.00361151 0.00362358 0.00362358 0.00363579
 0.00362367 0.00361147 0.00363666 0.00363666 0.00363675 0.00363666
 0.00363666 0.00363666 0.0036116  0.00361151 0.0036116  0.00361155
 0.00361155 0.00361138 0.00361147 0.00361151 0.00362393 0.00362372
 0.00361168 0.0036238  0.00361151 0.00363666 0.0036367  0.00363666
 0.00361155 0.00361151 0.00361147 0.00361164 0.00361164 0.00361142
 0.00362393 0.00362376 0.00362389 0.00364848 0.00362372 0.00361155
 0.00361164 0.0036238  0.00361142 0.00361164 0.00363666 0.00361138
 0.00361173 0.0036238  0.00361168 0.00361151 0.00361108 0.0036109
 0.00361099 0.00361108 0.00361138 0.00361103 0.00361134 0.00361134]"
-4.054189768234392	"[0.00364487 0.00362408 0.00362398 0.00362398 0.00362398 0.00364254
 0.00362408 0.00362398 0.00362398 0.00364274 0.00362398 0.00362398
 0.00366141 0.00362398 0.00362398 0.00366151 0.00364264 0.00366141
 0.00362459 0.00362408 0.00362398 0.00364254 0.00362398 0.00362408
 0.00364244 0.00362418 0.00364467 0.00364274 0.00362418 0.00364244
 0.00364264 0.00362408 0.00362408 0.00364244 0.00364244 0.00362418
 0.00362398 0.00362408 0.00362398 0.00362398 0.00362408 0.00364264
 0.00362408 0.00362398 0.00362459 0.00362408 0.00362398 0.00364305
 0.00362408 0.00362418 0.00364244 0.00364264 0.00364518 0.00364264
 0.00362418 0.00362398 0.00362398 0.00362418 0.00362398 0.00366131
 0.00362398 0.00364244 0.00366141 0.00362398 0.00362702 0.00364295
 0.00366141 0.00360684 0.00362469 0.00362398 0.00362408 0.00364467
 0.00364285 0.00366151 0.00362428 0.00362398 0.00362398 0.00364254
 0.00362418 0.00366202 0.00362408 0.00362418 0.00362398 0.00362398
 0.00362398 0.00368109 0.00362428 0.00362408 0.00362408 0.00364254
 0.00366131 0.00362408 0.00362408 0.00362469 0.00362418 0.00364244
 0.00364254 0.00366141 0.00362418 0.00362398 0.00360339 0.00360339
 0.00362144 0.00360339 0.00362367 0.00360552 0.00362398 0.00362378
 0.00362378 0.00362378 0.00360562 0.00360542 0.00360552 0.00360552
 0.00362378 0.00362388 0.00360562 0.00360542 0.00360532 0.00362378
 0.00362388 0.00362378 0.00360532 0.00360542 0.00362388 0.00362388
 0.00362378 0.00360562 0.00362378 0.00360521 0.00360532 0.00362388
 0.00360542 0.00360532 0.00362367 0.00362378 0.00360542 0.00362357
 0.00362347 0.00364153 0.00362357 0.00360552 0.00362388 0.00362378
 0.00360552 0.00362378 0.00360552 0.00360542 0.00360339 0.00360339
 0.00360339 0.00362378 0.00362378 0.00360552 0.00360532 0.00360552
 0.00362388 0.00362378 0.00360552 0.00362398 0.00362398 0.00362378
 0.00362367 0.00364183 0.00362367 0.00360562 0.00362398 0.00362388
 0.00360552 0.00360552 0.00360532 0.00362388 0.00362357 0.00362266
 0.00362357 0.00362357 0.00362367 0.00362378 0.00362388 0.00364173
 0.00364183 0.00360542 0.00362357 0.00362357 0.00362388 0.00362398
 0.0036397  0.00362357 0.00360339 0.00360532 0.00362378 0.00362367
 0.00362388 0.00360562 0.00360542 0.00364264 0.00362388 0.00362388
 0.00362378 0.00362388 0.00364163 0.00360339 0.00364173 0.00360521
 0.00360532 0.00360542 0.00364163 0.00362317 0.00362357 0.00364153
 0.00360532 0.00360521 0.00360532 0.00360552 0.00360542 0.00364214
 0.00360542 0.00360542 0.00360562 0.00362367 0.00362367 0.00364203
 0.00362388 0.00360552 0.00364406 0.00364406 0.00364427 0.00364406
 0.00364406 0.00364406 0.00360582 0.00360562 0.00360582 0.00360572
 0.00360572 0.00360532 0.00360552 0.00360562 0.00362448 0.00362398
 0.00360603 0.00362418 0.00360562 0.00364406 0.00364416 0.00364406
 0.00360572 0.00360562 0.00360552 0.00360592 0.00360592 0.00360542
 0.00362449 0.00362408 0.00362438 0.00366151 0.00362398 0.00360572
 0.00360592 0.00362418 0.00360542 0.00360592 0.00364406 0.00360532
 0.00360613 0.00362418 0.00360603 0.00360562 0.00360461 0.0036042
 0.0036044  0.00360461 0.00360532 0.0036045  0.00360521 0.00360521]"
-3.243324899826335	"[0.00367202 0.00362542 0.00362505 0.00362505 0.00362505 0.00366422
 0.00362542 0.00362505 0.00362505 0.00366496 0.00362505 0.00362505
 0.00370471 0.00362505 0.00362505 0.00370508 0.00366459 0.00370471
 0.00362714 0.00362542 0.00362505 0.00366422 0.00362505 0.00362542
 0.00366385 0.00362579 0.00367134 0.00366496 0.00362579 0.00366385
 0.00366459 0.00362542 0.00362542 0.00366385 0.00366385 0.00362572
 0.00362505 0.00362542 0.00362505 0.00362505 0.00362542 0.00366459
 0.00362542 0.00362505 0.00362714 0.00362542 0.00362505 0.00366588
 0.00362542 0.00362579 0.00366385 0.00366459 0.00367306 0.00366459
 0.00362572 0.00362505 0.00362505 0.00362579 0.00362505 0.00370428
 0.00362505 0.00366385 0.00370471 0.00362505 0.00363517 0.00366571
 0.00370471 0.00358978 0.00362751 0.00362505 0.00362542 0.00367134
 0.00366533 0.00370509 0.00362616 0.00362505 0.00362505 0.00366422
 0.00362579 0.00370667 0.00362542 0.00362579 0.00362505 0.00362505
 0.00362505 0.00374816 0.00362609 0.00362542 0.00362542 0.00366422
 0.00370428 0.00362542 0.00362542 0.00362744 0.00362579 0.00366385
 0.00366422 0.00370471 0.00362579 0.00362505 0.00357831 0.00357831
 0.00361665 0.00357831 0.00362407 0.00358543 0.00362518 0.00362444
 0.00362444 0.00362444 0.0035858  0.00358506 0.00358543 0.00358543
 0.00362444 0.00362481 0.0035858  0.00358506 0.00358469 0.00362444
 0.00362481 0.00362444 0.00358469 0.00358506 0.00362481 0.00362481
 0.00362444 0.0035858  0.00362444 0.00358432 0.00358469 0.00362481
 0.00358506 0.00358469 0.00362407 0.00362444 0.00358506 0.0036237
 0.0036234  0.00366085 0.0036237  0.00358543 0.00362481 0.00362444
 0.00358543 0.00362444 0.00358543 0.00358506 0.00357831 0.00357831
 0.00357831 0.00362444 0.00362444 0.00358543 0.00358469 0.00358543
 0.00362481 0.00362444 0.00358543 0.00362518 0.00362518 0.00362444
 0.00362407 0.00366189 0.00362407 0.0035858  0.00362518 0.00362481
 0.00358543 0.00358543 0.00358469 0.00362481 0.0036237  0.0036205
 0.0036237  0.0036237  0.00362407 0.00362444 0.00362481 0.00366159
 0.00366196 0.00358506 0.0036237  0.0036237  0.00362481 0.00362518
 0.00365484 0.0036237  0.00357831 0.00358469 0.00362444 0.00362407
 0.00362481 0.0035858  0.00358506 0.00366486 0.00362481 0.00362481
 0.00362444 0.00362481 0.00366115 0.00357831 0.00366152 0.00358432
 0.00358469 0.00358506 0.00366122 0.00362235 0.0036237  0.00366078
 0.00358469 0.00358432 0.00358469 0.00358543 0.00358506 0.00366301
 0.00358506 0.00358506 0.0035858  0.00362407 0.00362407 0.00366264
 0.00362481 0.00358543 0.00366932 0.00366932 0.00366999 0.00366932
 0.00366932 0.00366932 0.00358641 0.00358567 0.00358641 0.00358604
 0.00358604 0.00358456 0.0035853  0.00358567 0.0036269  0.00362512
 0.00358708 0.00362579 0.00358567 0.00366932 0.00366962 0.00366932
 0.00358604 0.00358567 0.0035853  0.00358678 0.00358678 0.00358493
 0.0036269  0.00362549 0.00362653 0.00370522 0.00362512 0.00358604
 0.00358671 0.00362579 0.00358493 0.00358678 0.00366932 0.00358456
 0.00358752 0.00362579 0.00358715 0.00358567 0.00358236 0.00358101
 0.00358169 0.00358236 0.00358462 0.00358206 0.00358425 0.00358425]"
-2.4324686709424275	"[0.00368481 0.00362649 0.00362575 0.00362575 0.00362575 0.00367067
 0.00362649 0.00362575 0.00362575 0.00367214 0.00362575 0.00362575
 0.00371798 0.00362575 0.00362575 0.00371872 0.0036714  0.00371798
 0.00362966 0.00362649 0.00362575 0.00367067 0.00362575 0.00362649
 0.00366993 0.00362722 0.00368359 0.00367214 0.00362722 0.00366993
 0.0036714  0.00362649 0.00362649 0.00366993 0.00366993 0.00362697
 0.00362575 0.00362649 0.00362575 0.00362575 0.00362649 0.0036714
 0.00362649 0.00362575 0.00362966 0.00362649 0.00362575 0.00367358
 0.00362649 0.00362722 0.00366993 0.0036714  0.00368677 0.0036714
 0.00362697 0.00362575 0.00362575 0.00362722 0.00362575 0.00371698
 0.00362575 0.00366993 0.00371798 0.00362575 0.00364403 0.00367362
 0.00371798 0.00358668 0.0036304  0.00362575 0.00362649 0.00368359
 0.00367288 0.00371872 0.00362796 0.00362575 0.00362575 0.00367067
 0.00362722 0.00372138 0.00362649 0.00362722 0.00362575 0.00362575
 0.00362575 0.00377058 0.0036277  0.00362649 0.00362649 0.00367067
 0.00371698 0.00362649 0.00362649 0.00363014 0.00362722 0.00366993
 0.00367067 0.00371798 0.00362722 0.00362575 0.00356597 0.00356597
 0.00361064 0.00356597 0.00362405 0.00357889 0.00362626 0.00362479
 0.00362479 0.00362479 0.00357963 0.00357816 0.00357889 0.00357889
 0.00362479 0.00362553 0.00357963 0.00357816 0.00357742 0.00362479
 0.00362553 0.00362479 0.00357742 0.00357816 0.00362553 0.00362553
 0.00362479 0.00357963 0.00362479 0.00357668 0.00357742 0.00362553
 0.00357816 0.00357742 0.00362405 0.00362479 0.00357816 0.00362331
 0.00362283 0.00366457 0.00362331 0.00357889 0.00362553 0.00362479
 0.00357889 0.00362479 0.00357889 0.00357816 0.00356597 0.00356597
 0.00356597 0.00362479 0.00362479 0.00357889 0.00357742 0.00357889
 0.00362553 0.00362479 0.00357889 0.00362626 0.00362626 0.00362479
 0.00362405 0.00366653 0.00362405 0.00357963 0.00362626 0.00362553
 0.00357889 0.00357889 0.00357742 0.00362553 0.00362331 0.00361718
 0.00362331 0.00362331 0.00362405 0.00362479 0.00362553 0.00366605
 0.00366679 0.00357816 0.00362331 0.00362331 0.00362553 0.00362626
 0.00365386 0.00362331 0.00356597 0.00357742 0.00362479 0.00362405
 0.00362553 0.00357963 0.00357816 0.00367244 0.00362553 0.00362553
 0.00362479 0.00362553 0.00366505 0.00356597 0.00366579 0.00357668
 0.00357742 0.00357816 0.00366531 0.00362087 0.00362331 0.00366431
 0.00357742 0.00357668 0.00357742 0.00357889 0.00357816 0.00366875
 0.00357816 0.00357816 0.00357963 0.00362405 0.00362405 0.00366801
 0.00362553 0.00357889 0.00367993 0.00367993 0.00368115 0.00367993
 0.00367993 0.00367993 0.00358059 0.00357911 0.00358059 0.00357985
 0.00357985 0.0035769  0.00357838 0.00357911 0.00362944 0.00362601
 0.00358181 0.00362722 0.00357911 0.00367993 0.00368041 0.00367993
 0.00357985 0.00357911 0.00357838 0.00358133 0.00358133 0.00357764
 0.00362944 0.00362674 0.0036287  0.00371923 0.00362601 0.00357985
 0.00358107 0.00362722 0.00357764 0.00358133 0.00367993 0.0035769
 0.00358281 0.00362722 0.00358207 0.00357911 0.00357328 0.00357084
 0.00357206 0.00357328 0.00357716 0.0035728  0.00357642 0.00357642]"
-1.621625049612901	"[0.00377364 0.00362751 0.00362612 0.00362598 0.00362613 0.00370789
 0.00362751 0.00362605 0.00362613 0.00371123 0.00362605 0.00362612
 0.00379501 0.00362598 0.00362613 0.00379673 0.00370935 0.00379304
 0.00363436 0.00362751 0.00362613 0.00370781 0.00362598 0.00362758
 0.00370614 0.00362927 0.00377372 0.00371134 0.00362927 0.00370614
 0.00370966 0.00362765 0.00362724 0.00370628 0.00370628 0.00362835
 0.00362613 0.00362757 0.00362613 0.00362613 0.00362751 0.00370973
 0.00362765 0.00362619 0.00363845 0.00362699 0.00362605 0.00371348
 0.00362765 0.00362959 0.00370635 0.00370966 0.00377516 0.00370951
 0.00362835 0.00362612 0.00362613 0.00362927 0.00362605 0.00379378
 0.00362605 0.00370606 0.00379504 0.00362613 0.00369274 0.00371538
 0.00379473 0.00356612 0.00363096 0.00362605 0.00362751 0.00377372
 0.00371301 0.0037968  0.00363146 0.00362613 0.00362605 0.00370781
 0.00362927 0.00380406 0.00362758 0.00362917 0.00362605 0.00362613
 0.00362613 0.00390145 0.0036293  0.00362758 0.00362699 0.00370814
 0.00379392 0.00362751 0.00362751 0.00363116 0.00362927 0.00370629
 0.00370781 0.00379516 0.00362957 0.00362619 0.00348511 0.00348521
 0.00356186 0.00348511 0.00362444 0.00354695 0.00362547 0.00362225
 0.00362254 0.00362254 0.00354832 0.00354552 0.00354688 0.00354695
 0.0036224  0.00362378 0.00354832 0.0035453  0.00354395 0.0036224
 0.00362378 0.00362225 0.00354384 0.0035452  0.00362334 0.00362334
 0.00362254 0.00354832 0.00362211 0.00354231 0.0035437  0.00362349
 0.00354552 0.00354391 0.00362406 0.00362532 0.0035452  0.00361835
 0.00361942 0.00369232 0.00361778 0.00354695 0.00362363 0.00362225
 0.00354688 0.0036224  0.00354695 0.0035452  0.00348518 0.00348529
 0.00348507 0.0036224  0.0036224  0.00354681 0.00354391 0.00354681
 0.00362457 0.00362284 0.00354695 0.00362533 0.00362515 0.00362211
 0.00362171 0.00369701 0.00362171 0.00354832 0.00362599 0.0036241
 0.00354695 0.00354681 0.00354384 0.00362349 0.00361828 0.00360012
 0.00361828 0.00361152 0.00362171 0.0036224  0.00362392 0.00369754
 0.00369772 0.00354533 0.00361854 0.00361771 0.00362342 0.00362511
 0.00364181 0.00362334 0.00348518 0.00354391 0.0036224  0.00362171
 0.0036237  0.00354832 0.0035452  0.00370703 0.00362334 0.00362378
 0.0036224  0.00362334 0.0037001  0.00348529 0.00370109 0.0035416
 0.0035437  0.0035452  0.00369379 0.00360678 0.00362099 0.0036962
 0.00354388 0.00354202 0.00354304 0.00354688 0.00354559 0.00369941
 0.00354491 0.00354531 0.00354832 0.00362164 0.00362142 0.00370175
 0.00362334 0.00354695 0.00375834 0.00375819 0.00376163 0.00375797
 0.00375834 0.00375819 0.00354672 0.00354913 0.00355175 0.00355066
 0.00355066 0.00354556 0.00354805 0.00354449 0.00363571 0.00362914
 0.00355258 0.00363151 0.00354951 0.00375805 0.00376019 0.00375827
 0.00355066 0.00354825 0.00354823 0.00355225 0.00355225 0.00354542
 0.00363586 0.00363027 0.00363432 0.00380766 0.00362907 0.00355052
 0.00355118 0.00363166 0.00354698 0.00354747 0.00375805 0.00354556
 0.00355166 0.00363151 0.00355239 0.00354745 0.00351605 0.00351032
 0.00351326 0.00351605 0.00353908 0.00351437 0.0035382  0.00353776]"
-1.1982226626604007	"[1.48509614e-01 1.00002178e-10 1.00000544e-10 1.00000052e-10
 1.00001670e-10 1.00000404e-10 1.00001321e-10 1.00000224e-10
 1.00000634e-10 1.00000000e-10 1.00000317e-10 1.00000000e-10
 1.00000068e-10 1.00000000e-10 1.00000455e-10 3.36639577e-05
 1.00158874e-07 1.00002909e-10 1.00001522e-10 1.00000146e-10
 1.00000000e-10 1.00002702e-10 1.00000184e-10 1.00003312e-10
 1.00001446e-10 1.00001732e-10 1.32447542e-01 1.00001397e-10
 1.00003536e-10 1.00002796e-10 1.29524210e-08 7.39843226e-05
 1.00001674e-10 1.00001381e-10 1.00002092e-10 1.00000906e-10
 1.00000000e-10 1.00003551e-10 1.00000000e-10 1.00000430e-10
 1.00002286e-10 2.52332077e-08 4.65371225e-08 1.00000135e-10
 1.00001709e-10 1.00000807e-10 1.00000576e-10 1.00002568e-10
 3.48490547e-04 1.00001001e-10 1.00000538e-10 8.96920674e-08
 1.95438362e-01 2.20363492e-03 1.00000486e-10 1.00000264e-10
 1.00000359e-10 1.00000955e-10 1.00001224e-10 2.43057821e-05
 1.00000827e-10 1.00001662e-10 1.00000435e-10 1.00000000e-10
 2.36946353e-04 1.00002042e-10 1.00003678e-10 1.00001348e-10
 1.00001689e-10 1.00001895e-10 1.00001967e-10 1.32447542e-01
 8.96842321e-07 4.68465956e-09 1.00000567e-10 1.00000645e-10
 1.00000184e-10 1.00002079e-10 1.00001427e-10 7.42358201e-04
 1.00001798e-10 1.00000826e-10 1.00000546e-10 1.00000932e-10
 1.00000184e-10 1.00004795e-10 1.00001919e-10 1.00002677e-10
 1.00000020e-10 1.91180369e-03 2.84711361e-04 1.00002066e-10
 1.00001387e-10 1.00002152e-10 1.00001389e-10 1.00001053e-10
 1.00002669e-10 1.00000957e-10 1.00000635e-10 1.00002601e-10
 1.00000964e-10 1.00001637e-10 1.00000205e-10 1.00001579e-10
 1.00000728e-10 1.77896446e-08 1.00001078e-10 1.00000204e-10
 1.00001065e-10 1.00000811e-10 1.00000847e-10 1.00000088e-10
 1.00001626e-10 1.00001980e-10 1.00000000e-10 1.00000678e-10
 1.00000444e-10 1.00000774e-10 1.00000000e-10 1.00000092e-10
 1.00001698e-10 1.00001073e-10 1.00000000e-10 1.00000000e-10
 1.00000739e-10 1.00000354e-10 1.00001436e-10 1.00000016e-10
 1.00000000e-10 1.00000000e-10 1.00000113e-10 1.00002211e-10
 1.00000336e-10 1.00000000e-10 1.00003383e-10 1.00003711e-10
 1.00000000e-10 1.00000000e-10 1.00000124e-10 1.00001199e-10
 1.00005156e-10 2.13345724e-04 1.00000000e-10 1.00000288e-10
 1.00001755e-10 1.00000000e-10 1.00002378e-10 1.00000835e-10
 1.00000997e-10 1.00000000e-10 1.00001598e-10 1.00000000e-10
 1.00000194e-10 1.00000962e-10 1.00000000e-10 1.00001116e-10
 2.06013626e-08 2.31449002e-04 3.03704817e-04 1.00000000e-10
 8.71198059e-07 2.35300092e-08 1.00000000e-10 1.00000803e-10
 1.00000965e-10 1.00000000e-10 1.00001103e-10 1.00000218e-10
 5.40386273e-04 1.00000272e-10 1.00000335e-10 1.00000480e-10
 1.00005913e-10 5.03044478e-04 3.81825675e-04 1.00009410e-10
 1.00000000e-10 1.00001981e-10 1.00002270e-10 1.00002317e-10
 1.00001124e-10 1.00000000e-10 1.00000000e-10 1.00005089e-10
 1.00001039e-10 1.00000232e-10 1.00000441e-10 1.00000395e-10
 1.00000662e-10 1.00000000e-10 1.00000000e-10 1.00000000e-10
 1.00000401e-10 1.00000000e-10 1.00000000e-10 1.00002085e-10
 1.00000798e-10 1.00000000e-10 1.00000295e-10 1.00000718e-10
 1.00001357e-10 1.00001401e-10 2.28954690e-04 1.00000176e-10
 1.00000172e-10 1.00000000e-10 1.00001643e-10 1.00006335e-10
 1.00000094e-10 1.00000000e-10 1.00000053e-10 1.00000363e-10
 6.40349360e-05 1.00000965e-10 6.33602145e-09 1.00002043e-10
 1.00000336e-10 1.00000000e-10 1.00000278e-10 1.00000203e-10
 1.00001236e-10 1.00000000e-10 1.00000722e-10 6.30996468e-08
 3.98638231e-02 3.97397147e-02 4.66643969e-02 3.28131110e-02
 3.98638209e-02 3.97397105e-02 1.00002934e-10 1.00000130e-10
 1.00000964e-10 1.00000428e-10 1.00000209e-10 9.08633292e-06
 1.00000282e-10 1.00007924e-10 1.00002897e-10 1.00000000e-10
 1.00000377e-10 1.00000972e-10 1.00000156e-10 3.21089657e-02
 3.86180317e-02 4.08191370e-02 1.00000374e-10 1.00000396e-10
 1.00000000e-10 1.00000867e-10 1.00001279e-10 1.00000111e-10
 1.00000995e-10 1.00000240e-10 1.00000000e-10 1.00003853e-10
 1.00000000e-10 1.00000159e-10 1.00001118e-10 1.00000728e-10
 3.17536849e-09 1.00004315e-10 3.21089735e-02 7.25283631e-05
 1.00004327e-10 1.00000141e-10 1.00001130e-10 1.00000000e-10
 1.00002908e-10 1.00000944e-10 1.00000723e-10 1.00001389e-10
 1.00000000e-10 1.00002674e-10 4.06758522e-04 3.36208153e-08]"
-2.999999734106866	"[1.98998199e-10 1.47916171e-10 1.49412182e-10 1.49515331e-10
 1.49500524e-10 1.62391268e-10 1.48713382e-10 1.49421336e-10
 1.49356576e-10 1.61109146e-10 1.49436298e-10 1.49388170e-10
 3.06032215e-10 1.49378880e-10 1.49386083e-10 3.57490979e-10
 1.61802955e-10 3.05986839e-10 1.46243172e-10 1.48776372e-10
 1.49390024e-10 1.62394226e-10 1.49382355e-10 1.48756612e-10
 1.63051169e-10 1.48016988e-10 1.00000000e-10 1.61013506e-10
 1.48037855e-10 1.63032574e-10 1.61613349e-10 1.48769281e-10
 1.48736485e-10 1.63029207e-10 1.62979607e-10 1.48582920e-10
 1.49383067e-10 1.48785665e-10 1.49384928e-10 1.49383400e-10
 1.48773627e-10 1.61626410e-10 1.48798931e-10 1.49403721e-10
 1.46081023e-10 1.48770627e-10 1.49389948e-10 1.60718561e-10
 1.48767496e-10 1.47926139e-10 1.62973983e-10 1.61577340e-10
 4.54133597e-10 1.61667575e-10 1.48556739e-10 1.49394804e-10
 1.49373171e-10 1.48035906e-10 1.49390568e-10 2.20365638e-10
 1.49382438e-10 1.63012209e-10 3.05865363e-10 1.49374365e-10
 3.32731726e-10 1.57243623e-10 3.06013094e-10 1.39961146e-10
 1.46023728e-10 1.49392820e-10 1.48744617e-10 1.00000000e-10
 1.60366655e-10 3.57329920e-10 1.44819488e-10 1.49391578e-10
 1.49394678e-10 1.62402587e-10 1.48002423e-10 4.81739272e-10
 1.48762126e-10 1.48095907e-10 1.49377039e-10 1.49390531e-10
 1.49378745e-10 9.99999956e-01 1.47896257e-10 1.48778530e-10
 1.48755166e-10 1.62391862e-10 2.20357283e-10 1.48758672e-10
 1.48758898e-10 1.46416262e-10 1.48034278e-10 1.62978233e-10
 1.62406307e-10 3.05978062e-10 1.47889310e-10 1.49356809e-10
 1.59266382e-10 1.59174303e-10 1.63490227e-10 1.59240269e-10
 1.50270273e-10 1.45428002e-10 1.48378200e-10 1.49823928e-10
 1.49803698e-10 1.49806980e-10 1.44752425e-10 1.46001207e-10
 1.45451155e-10 1.45441640e-10 1.49827648e-10 1.49214604e-10
 1.44858960e-10 1.46054168e-10 1.46672754e-10 1.49827981e-10
 1.49184999e-10 1.49801161e-10 1.46746233e-10 1.46099247e-10
 1.49139688e-10 1.49129602e-10 1.49805276e-10 1.44753044e-10
 1.49810353e-10 1.47552865e-10 1.46792573e-10 1.49177794e-10
 1.46078720e-10 1.46783120e-10 1.50282114e-10 1.49177256e-10
 1.46197015e-10 1.51280589e-10 1.51259479e-10 1.66753098e-10
 1.51281263e-10 1.45421097e-10 1.49195103e-10 1.49807662e-10
 1.45489826e-10 1.49816857e-10 1.45358707e-10 1.46120313e-10
 1.59244029e-10 1.59219570e-10 1.59261115e-10 1.49838267e-10
 1.49825088e-10 1.45421595e-10 1.46745137e-10 1.45384131e-10
 1.48923555e-10 1.49816331e-10 1.45390585e-10 1.48408090e-10
 1.48514602e-10 1.49818799e-10 1.50427728e-10 1.65094770e-10
 1.50440299e-10 1.44791684e-10 1.45837328e-10 1.48934859e-10
 1.45488398e-10 1.45405944e-10 1.46767527e-10 1.49183056e-10
 1.51296223e-10 1.61517258e-10 1.51307260e-10 1.51502392e-10
 1.50437991e-10 1.49810687e-10 1.49194285e-10 1.65044518e-10
 1.64500720e-10 1.46043746e-10 1.51293226e-10 1.51288138e-10
 1.49185877e-10 1.48447393e-10 1.76705680e-10 1.50915098e-10
 1.59240799e-10 1.46769822e-10 1.49813487e-10 1.50435344e-10
 1.49182090e-10 1.44812087e-10 1.46127905e-10 1.59774879e-10
 1.49177593e-10 1.49179229e-10 1.49790730e-10 1.49178302e-10
 1.65626761e-10 1.59224990e-10 1.64794256e-10 1.49875839e-10
 1.46830480e-10 1.46162100e-10 1.65888774e-10 1.53179551e-10
 1.51061458e-10 1.66846463e-10 1.46677095e-10 1.47643834e-10
 1.49284185e-10 1.45409797e-10 1.46009427e-10 1.60566241e-10
 1.46337638e-10 1.46085828e-10 1.44764698e-10 1.50437716e-10
 1.50421598e-10 1.61259238e-10 1.49155675e-10 1.45392184e-10
 2.02967630e-10 2.27984063e-10 2.59443242e-10 2.81711537e-10
 2.03047208e-10 2.27912158e-10 1.45295727e-10 1.45750144e-10
 1.44430495e-10 1.45000353e-10 1.44959799e-10 1.47640110e-10
 1.46438799e-10 1.46539952e-10 1.43344846e-10 1.48746360e-10
 1.43573630e-10 1.47908722e-10 1.45580635e-10 2.81793838e-10
 2.11389727e-10 2.02908188e-10 1.44964814e-10 1.45822087e-10
 1.46324172e-10 1.43741505e-10 1.43699959e-10 1.49675599e-10
 1.43425544e-10 1.48126350e-10 1.43966560e-10 3.39653730e-10
 1.48749072e-10 1.45002705e-10 1.44366339e-10 1.47920471e-10
 1.47022113e-10 1.44542026e-10 2.81679222e-10 1.47651232e-10
 1.42713073e-10 1.47908830e-10 1.43081731e-10 1.48202042e-10
 1.52462161e-10 1.55150850e-10 1.53817137e-10 1.52473322e-10
 1.49951132e-10 1.52931054e-10 1.50494161e-10 1.50752798e-10]"
